>S109 A C
>S355 A G
>S459 C A
>S557 G C
>S744 T G
>S1031 C T
>S1085 G C
>S1257 C T
>S1258 A C
>S1450 C A
>S1460 T C
>S1556 A T
>S1561 C G
>S1563 A G
>S1730 A G
>S1769 G A
>S1814 G T
>S1854 A G
>S1890 T G
>S1917 C G
>S1966 G T
>S1969 G T
>S2013 G C
>S2051 C A
>S2153 C T
>S2214 T A
>S2300 G A
>S2323 T C
>S2383 G C
>S2438 C T
>S2498 A T
>S2512 A T
>S2720 T C
>S2855 T A
>S2941 A G
>S2949 T A
>S3130 C A
>S3143 T C
>S3220 T C
>S3309 C T
>S3340 T C
>S3614 G T
>S3643 T A
>S3984 C G
>S3989 G T
>S4032 G T
>S4128 T A
>S4234 G T
>S4394 A G
>S4490 C A
>S4558 G C
>S4631 T A
>S4690 C A
>S4749 C A
>S4753 A G
>S4795 T A
>S4934 C A
>S4988 A G
>S5013 A T
>S5034 G C
>S5035 C A
>S5059 C T
>S5108 T A
>S5180 C A
>S5222 A C
>S5335 A C
>S5380 T C
>S5419 G C
>S5718 A C
>S5721 C G
>S5723 C T
>S5820 A C
>S5890 C T
>S5943 C A
>S5969 A G
>S6088 A G
>S6123 T C
>S6206 G T
>S6277 G C
>S6332 A G
>S6478 G T
>S6645 A C
>S6844 G C
>S6930 G A
>S7040 T G
>S7255 A T
>S7263 T G
>S7264 G C
>S7275 G A
>S7423 G A
>S7763 C A
>S7767 G A
>S7867 A G
>S7868 G A
>S7932 G C
>S7983 G A
>S7985 G C
>S8115 T C
>S8142 A T
>S8376 C A
>S8419 G C
>S8584 A G
>S8648 T G
>S8706 C G
>S8794 A T
>S8846 T A
>S8868 G C
>S8913 A C
>S8943 A T
>S8998 T G
>S8999 C T
>S9087 T G
>S9223 C T
>S9259 T A
>S9332 G A
>S9333 A C
>S9436 G A
>S9459 T A
>S9508 C G
>S9556 G A
>S9930 A T
>S9985 G C
>S10026 G T
>S10084 C A
>S10137 T A
>S10168 A C
>S10170 T A
>S10236 A G
>S10270 C T
>S10446 G C
>S10579 A T
>S10697 G A
>S10747 A T
>S10893 C G
>S10947 G T
>S11014 G C
>S11032 G A
>S11129 G C
>S11149 T C
>S11332 G T
>S11333 A C
>S11371 C G
>S11432 A C
>S11442 A G
>S11445 T G
>S11446 G C
>S11474 C G
>S11627 T C
>S11640 T A
>S11666 G C
>S11701 T G
>S11744 T C
>S11779 C A
>S11867 A G
>S11900 T A
>S11942 G A
>S11943 A G
>S11946 T G
>S12023 A G
>S12108 G C
>S12115 G C
>S12125 A T
>S12127 C A
>S12195 T G
>S12214 G T
>S12265 A T
>S12315 G C
>S12325 C G
>S12445 A C
>S12449 A T
>S12450 T G
>S12508 G T
>S12533 G C
>S12696 T G
>S12780 C T
>S12794 C A
>S12856 T A
>S12962 C A
>S12964 G A
>S13107 G T
>S13203 G A
>S13215 C T
>S13318 T A
>S13411 C A
>S13598 G A
>S13603 C G
>S13604 C A
>S13727 A T
>S13793 T G
>S13807 A C
>S14109 A C
>S14196 T C
>S14268 C T
>S14353 T A
>S14490 C A
>S14559 C A
>S14614 A G
>S14632 T C
>S14633 C A
>S14708 C T
>S14783 G C
>S15038 G C
>S15072 G C
>S15083 C A
>S15368 G A
>S15440 C G
>S15614 A T
>S15766 G T
>S15845 T C
>S15859 T A
>S15962 T G
>S15985 A C
>S15986 C A
>S16028 A G
>S16151 A C
>S16359 C G
>S16385 G A
>S16399 T G
>S16586 A C
>S16732 A C
>S16784 G T
>S16869 G A
>S17044 C A
>S17103 G T
>S17322 C A
>S17388 C A
>S17466 A C
>S17640 G C
>S17767 T A
>S17826 A C
>S17827 C G
>S17931 T A
>S17957 C A
>S18125 G T
>S18285 C T
>S18343 G A
>S18365 T C
>S18530 G A
>S18564 G T
>S18584 A T
>S18641 T C
>S18720 G A
>S18874 C G
>S18965 G A
>S18996 A T
>S19059 T C
>S19106 C A
>S19298 A C
>S19361 T A
>S19525 G T
>S19661 G T
>S19665 G C
>S19780 G C
>S19915 C A
>S19957 C T
>S20044 C T
>S20127 C T
>S20261 C A
>S20299 T C
>S20443 C T
>S20493 C T
>S20560 G T
>S20663 C A
>S20707 C G
>S20752 C G
>S20829 C T
>S20880 T G
>S21004 A T
>S21088 T C
>S21184 G C
>S21216 T G
>S21236 C A
>S21395 T A
>S21622 T G
>S21623 G T
>S21705 G A
>S21843 A G
>S21869 T G
>S21968 A C
>S22052 A G
>S22055 T A
>S22123 G A
>S22147 T A
>S22181 C A
>S22197 C A
>S22215 C G
>S22216 T G
>S22285 T A
>S22395 A T
>S22491 G T
>S22548 C G
>S22577 A T
>S22639 C A
>S22687 A C
>S22707 A T
>S22776 A T
>S22827 A T
>S22995 A C
>S23033 C G
>S23040 T A
>S23153 G T
>S23448 C A
>S23534 A G
>S23770 C A
>S23870 T G
>S24170 G C
>S24172 T C
>S24222 G A
>S24226 T A
>S24260 G C
>S24463 T A
>S24485 A G
>S24688 T G
>S24721 G C
>S24854 C A
>S25159 A T
>S25210 A T
>S25333 A G
>S25355 T C
>S25597 T C
>S25630 G T
>S25640 A C
>S25654 T G
>S25785 C A
>S25786 A T
>S25802 C G
>S26077 T C
>S26118 G T
>S26145 G A
>S26182 G A
>S26393 T G
>S26400 C A
>S26581 C T
>S26722 T G
>S26824 C G
>S26870 C T
>S26958 G C
>S26970 C A
>S27034 A C
>S27152 A T
>S27436 T G
>S27447 T G
>S27521 C T
>S27538 G A
>S27583 T G
>S27708 C G
>S27944 G T
>S27970 A C
>S27971 T A
>S28066 A T
>S28156 G C
>S28207 T A
>S28317 G C
>S28570 G A
>S28658 A G
>S28703 C T
>S28810 G C
>S28916 C G
>S29005 G A
>S29067 A G
>S29116 T A
>S29194 G T
>S29209 T G
>S29247 A C
>S29274 G C
>S29345 C G
>S29884 C T
>S29893 C G
>S29902 T G
>S29919 T C
>S30102 C A
>S30131 G C
>S30239 G C
>S30283 C A
>S30284 C T
>S30327 G T
>S30457 G A
>S30482 C G
>S30669 G C
>S30736 T G
>S30823 A T
>S30827 C A
>S30843 T G
>S30916 C T
>S30971 A T
>S31013 G C
>S31031 G C
>S31087 A C
>S31271 C T
>S31273 G C
>S31312 T A
>S31318 T C
>S31471 A G
>S31523 T C
>S31602 C G
>S31669 G T
>S31670 C T
>S31698 C G
>S31754 T C
>S31822 T C
>S31979 T C
>S32056 C T
>S32057 A G
>S32238 A G
>S32301 T A
>S32381 C T
>S32428 C T
>S32545 A G
>S32620 C T
>S32688 T G
>S32907 A G
>S32908 G A
>S32934 A C
>S33042 A G
>S33144 T G
>S33160 G A
>S33441 C A
>S33466 A C
>S33499 C A
>S33553 C G
>S33696 G C
>S33921 C G
>S33974 T G
>S33977 G C
>S34029 A T
>S34059 T A
>S34228 G T
>S34385 T A
>S34459 A T
>S34508 A G
>S34562 T C
>S34575 A C
>S34654 A T
>S34746 T G
>S34802 A C
>S34818 T C
>S34935 G A
>S35213 A G
>S35291 A G
>S35374 G A
>S35465 G A
>S35517 G A
>S35752 C A
>S35753 A T
>S35876 A T
>S35953 A C
>S36042 T G
>S36169 C T
>S36180 T C
>S36255 C A
>S36323 G T
>S36334 A G
>S36434 A G
>S36534 C T
>S36535 T G
>S36624 C A
>S36666 T A
>S36681 C A
>S36751 C A
>S36801 G C
>S36877 C A
>S37001 C A
>S37123 T G
>S37315 T G
>S37519 G T
>S37778 C G
>S37918 A T
>S38097 A C
>S38569 A T
>S38590 T A
>S38639 G C
>S38776 T A
>S38876 C T
>S38970 C G
>S39031 T C
>S39063 T A
>S39073 T C
>S39208 T A
>S39343 G C
>S39384 G T
>S39582 T A
>S39719 A C
>S39808 C A
>S39922 T C
>S40016 A G
>S40103 T G
>S40319 T A
>S40476 T G
>S40650 C T
>S40651 T C
>S40748 G A
>S40881 T A
>S40947 G T
>S41138 T G
>S41163 A T
>S41167 C A
>S41340 C A
>S41422 A C
>S41925 A T
>S41926 T C
>S41983 C A
>S42112 A T
>S42124 A C
>S42323 T C
>S42400 T C
>S42637 C G
>S42661 G C
>S42851 C T
>S42885 T G
>S42977 A G
>S43006 T A
>S43046 T A
>S43092 T G
>S43098 A C
>S43172 G C
>S43540 T A
>S43748 T G
>S43781 T A
>S43831 C A
>S44076 C G
>S44313 T C
>S44326 A C
>S44380 A T
>S44505 T G
>S44514 G T
>S44554 T G
>S44578 C G
>S44724 G T
>S44798 C A
>S44927 T G
>S45083 A C
>S45251 G T
>S45253 T A
>S45307 A T
>S45347 T G
>S45412 C A
>S45506 T A
>S45562 C T
>S45726 G T
>S45912 A G
>S45930 C T
>S46059 C T
>S46126 T A
>S46135 A G
>S46189 C G
>S46195 T C
>S46267 C A
>S46278 T G
>S46302 A G
>S46316 T C
>S46446 G C
>S46479 G T
>S46599 A C
>S46732 C G
>S46880 A C
>S46938 T G
>S46998 A C
>S47068 A T
>S47281 G A
>S47283 A C
>S47373 T C
>S47390 A C
>S47463 C T
>S47551 C T
>S47706 C G
>S47776 C A
>S48090 T C
>S48098 A T
>S48136 C T
>S48175 G A
>S48176 C A
>S48382 A G
>S48395 G A
>S48418 G T
>S48662 T A
>S48737 G C
>S48796 G C
>S48917 G C
>S49080 G A
>S49191 G A
>S49192 G C
>S49198 A T
>S49265 A T
>S49309 A C
>S49311 C T
>S49401 C G
>S49402 A C
>S49448 T C
>S49591 T C
>S49638 T G
>S49740 T C
>S49759 C A
>S49924 T G
>S49940 G C
>S50080 A C
>S50190 A G
>S50259 C G
>S50260 A C
>S50344 A G
>S50438 G T
>S50440 T A
>S50628 G A
>S50839 G T
>S50867 T G
>S50942 A G
>S51160 C A
>S51232 C T
>S51233 G C
>S51275 C T
>S51406 A C
>S51407 G A
>S51470 G T
>S51514 C T
>S51581 A T
>S51982 G A
>S52069 C A
>S52122 C G
>S52154 G T
>S52216 G A
>S52218 A C
>S52232 C T
>S52291 C G
>S52329 T C
>S52399 A C
>S52596 T A
>S52599 G T
>S52625 G C
>S52750 T G
>S52753 G T
>S52828 T C
>S52894 A C
>S52896 G C
>S52948 C A
>S53088 C T
>S53129 C T
>S53222 C T
>S53341 A C
>S53409 T G
>S53471 A G
>S53621 T A
>S53659 T A
>S53812 A C
>S53828 A T
>S53882 T G
>S53883 G A
>S53933 T A
>S53958 G T
>S54003 T C
>S54017 A T
>S54114 C G
>S54225 T A
>S54315 G T
>S54689 G T
>S54750 T A
>S54799 A G
>S54919 C T
>S55028 G T
>S55063 G A
>S55235 C G
>S55236 A T
>S55260 C G
>S55303 T G
>S55371 G A
>S55418 A C
>S55419 T A
>S55506 C T
>S55615 C T
>S55672 A G
>S55722 A T
>S55822 T C
>S55899 C T
>S56018 G T
>S56191 A T
>S56315 T C
>S56322 G T
>S56359 C T
>S56374 T G
>S56503 A T
>S56508 C T
>S56540 T G
>S56549 G C
>S56638 G T
>S56924 T C
>S56986 A G
>S57083 T A
>S57272 G T
>S57300 C G
>S57317 A C
>S57378 G C
>S57498 T C
>S57627 T C
>S57682 G C
>S57841 C G
>S57895 A G
>S57965 T G
>S58109 C A
>S58160 A C
>S58365 A C
>S58422 T A
>S58439 T C
>S58459 C A
>S58608 G T
>S58797 T G
>S58884 C T
>S59111 T C
>S59145 T G
>S59211 T A
>S59277 A G
>S59389 C G
>S59440 C G
>S59477 C A
>S59506 A T
>S59559 C A
>S59561 C A
>S59755 G C
>S59873 A T
>S59915 T G
>S59995 T C
>S60000 C T
>S60002 T G
>S60150 C T
>S60286 G T
>S60289 C T
>S60337 A C
>S60338 C A
>S60404 C A
>S60564 T G
>S60571 A G
>S60602 T C
>S60693 A C
>S60876 A T
>S60881 G A
>S60998 A G
>S61149 C G
>S61212 T A
>S61277 G A
>S61317 G T
>S61367 C A
>S61370 C A
>S61440 G A
>S61441 T G
>S61476 G A
>S61626 C G
>S61649 T A
>S61675 C A
>S61940 C A
>S61942 A T
>S61963 A G
>S61977 C G
>S62278 A T
>S62392 T A
>S62499 G A
>S62640 C G
>S62644 T C
>S62781 T A
>S62826 C A
>S62978 T A
>S62998 G C
>S63009 G A
>S63027 T A
>S63107 G C
>S63118 A C
>S63244 T C
>S63294 C T
>S63414 G A
>S63493 C G
>S63510 C G
>S63609 G C
>S63742 T A
>S63788 G A
>S63869 G C
>S63930 T G
>S64015 G T
>S64063 G T
>S64074 A T
>S64075 T G
>S64088 T C
>S64110 C A
>S64339 A G
>S64340 G A
>S64527 A G
>S64570 T C
>S64622 G A
>S64668 A G
>S64672 T A
>S64781 A C
>S64903 G T
>S64914 C G
>S65181 G T
>S65261 A T
>S65293 C A
>S65346 C T
>S65349 G C
>S65411 T G
>S65425 G A
>S65476 C G
>S65746 A T
>S66025 C A
>S66054 C T
>S66125 A T
>S66253 C A
>S66335 G C
>S66369 T C
>S66489 C G
>S66557 T A
>S66669 C G
>S66770 G A
>S66858 C G
>S66859 G A
>S66943 A T
>S67006 G C
>S67108 C G
>S67188 C T
>S67202 G A
>S67233 C T
>S67245 C G
>S67305 G T
>S67381 G C
>S67670 T C
>S67827 G A
>S68359 A T
>S68483 A C
>S68497 C T
>S68567 C G
>S68648 G T
>S68650 C A
>S68706 A G
>S68782 A C
>S68987 C T
>S68991 G T
>S69040 G T
>S69128 T C
>S69177 T A
>S69233 T C
>S69234 C A
>S69297 A T
>S69386 G A
>S69534 C G
>S69537 T A
>S69622 C A
>S69623 A C
>S69652 C A
>S69763 C T
>S69764 T C
>S69927 A G
>S69929 A C
>S69986 G T
>S70004 G A
>S70073 G T
>S70122 G T
>S70210 A T
>S70241 G T
>S70625 C G
>S70660 A G
>S70681 A C
>S70750 C T
>S70836 A G
>S70916 T G
>S71133 T G
>S71215 A T
>S71334 A G
>S71335 G C
>S71535 T A
>S71616 G T
>S71929 T G
>S71933 T A
>S72171 G T
>S72314 G T
>S72315 T A
>S72384 T A
>S72559 A G
>S72781 G C
>S72811 C A
>S72942 A T
>S73121 A C
>S73172 C A
>S73187 G A
>S73240 T A
>S73246 T A
>S73384 C T
>S73392 T C
>S73446 T C
>S73492 A G
>S73524 C G
>S73638 A T
>S73880 G A
>S73881 A C
>S73927 A T
>S74040 C A
>S74052 A G
>S74125 C T
>S74268 C A
>S74347 T G
>S74413 A C
>S74505 C T
>S74602 A G
>S74663 T G
>S74772 G A
>S74852 T G
>S74853 A T
>S74989 A G
>S74990 G A
>S75172 G A
>S75174 T G
>S75228 A T
>S75309 G T
>S75346 A G
>S75412 G A
>S75439 G A
>S75455 C T
>S75470 A C
>S75502 T A
>S75573 G C
>S75622 A C
>S75656 G A
>S75732 G A
>S75765 G T
>S75828 T C
>S75892 T C
>S75919 A C
>S75920 T A
>S76027 G T
>S76102 T C
>S76139 C A
>S76280 C G
>S76307 G A
>S76319 A C
>S76347 A C
>S76582 T C
>S76737 T G
>S76817 G A
>S76973 C G
>S76977 T C
>S77019 T C
>S77362 C T
>S77368 A T
>S77445 G T
>S77525 A G
>S77542 C T
>S77560 G T
>S77710 T G
>S77718 C G
>S77789 C G
>S77999 G T
>S78029 G C
>S78187 C G
>S78235 A G
>S78372 C G
>S78788 C T
>S78807 C G
>S78820 G C
>S78876 G C
>S78887 G A
>S78946 A C
>S78998 G T
>S79085 T C
>S79127 C T
>S79283 C A
>S79379 T C
>S79434 A T
>S79454 T A
>S79469 G T
>S79973 C T
>S80170 G A
>S80180 A T
>S80255 C A
>S80257 A T
>S80294 A T
>S80402 T G
>S80412 C A
>S80478 A C
>S80541 T A
>S80565 A C
>S80649 G C
>S80746 T C
>S80975 T A
>S81040 C A
>S81139 G C
>S81163 C G
>S81171 G T
>S81250 A T
>S81305 T G
>S81382 A T
>S81430 C T
>S81604 G A
>S81641 G A
>S81708 A T
>S81741 A T
>S81794 G A
>S81797 A C
>S81877 G C
>S81962 T C
>S81966 C T
>S82085 T G
>S82107 C T
>S82109 G T
>S82243 C A
>S82321 A C
>S82472 T A
>S82490 C A
>S82667 A G
>S82748 A C
>S82893 T C
>S82980 T A
>S83108 A C
>S83174 C A
>S83210 A T
>S83301 C T
>S83350 C G
>S83442 A T
>S83572 A G
>S83797 G C
>S83803 A C
>S83998 C G
>S84157 T A
>S84324 A T
>S84343 G C
>S84414 T C
>S84449 G C
>S84506 C G
>S84545 G T
>S84591 T C
>S84602 T A
>S84683 G A
>S84792 A G
>S84808 T C
>S84929 C G
>S85011 A C
>S85042 G T
>S85108 G C
>S85110 C G
>S85247 C A
>S85314 C T
>S85349 C A
>S85391 A C
>S85607 A C
>S85710 T G
>S85714 A C
>S85844 T A
>S85922 C T
>S85935 G C
>S85937 T A
>S85987 A G
>S86049 C A
>S86073 T G
>S86130 G A
>S86191 T A
>S86289 T G
>S86357 A C
>S86364 C G
>S86513 A G
>S86563 G C
>S86574 A T
>S86586 T G
>S86656 T G
>S86659 A T
>S86699 G C
>S86750 C T
>S86758 G T
>S86959 C T
>S87026 T A
>S87130 G A
>S87410 G T
>S87411 C T
>S87591 T C
>S87600 A C
>S87690 G A
>S87740 C T
>S87830 C A
>S87891 A C
>S88014 C T
>S88155 G A
>S88166 C G
>S88252 T A
>S88335 G T
>S88407 G A
>S88608 G T
>S88611 A G
>S88780 G T
>S88850 G C
>S88851 G C
>S88876 A T
>S88957 T C
>S89031 T C
>S89047 A T
>S89113 T A
>S89308 T G
>S89377 T G
>S89535 T G
>S89545 C T
>S89547 T A
>S89694 T C
>S89960 T C
>S90029 C T
>S90031 A C
>S90148 A T
>S90162 T A
>S90199 G A
>S90251 G T
>S90510 G T
>S90631 C A
>S90734 G C
>S91239 C G
>S91242 T C
>S91284 A C
>S91342 A T
>S91368 A C
>S91436 A T
>S91561 G T
>S91562 T G
>S91564 G A
>S91580 A G
>S91673 A G
>S92162 A C
>S92165 T A
>S92168 A T
>S92275 G C
>S92588 T C
>S92593 G A
>S92658 C G
>S92756 C T
>S92792 T C
>S92813 G C
>S92913 G C
>S92991 C T
>S93221 T A
>S93429 T A
>S93440 T A
>S93637 C G
>S93711 A T
>S93886 A G
>S93935 T C
>S94006 C A
>S94029 A G
>S94081 A C
>S94197 C A
>S94285 A C
>S94422 A T
>S94495 A T
>S94569 T A
>S94735 A C
>S94753 T G
>S94906 G A
>S94909 A T
>S94935 T G
>S95057 A T
>S95120 A T
>S95228 G A
>S95393 C G
>S95512 A G
>S95525 G A
>S95526 A C
>S95653 T A
>S95679 A G
>S95747 T C
>S95767 G T
>S95873 C T
>S96095 C G
>S96126 G A
>S96257 G T
>S96265 T G
>S96358 A T
>S96374 G T
>S96465 G C
>S96473 A C
>S96474 T A
>S96531 G C
>S96649 C T
>S96690 T G
>S96710 A G
>S96764 G T
>S96795 C T
>S96921 G A
>S96978 T G
>S97038 A C
>S97046 G T
>S97166 G T
>S97179 T A
>S97274 C G
>S97276 A T
>S97658 A C
>S97821 G C
>S97923 T G
>S98068 A C
>S98087 T C
>S98135 A T
>S98197 T C
>S98198 C G
>S98233 A C
>S98267 A G
>S98420 C T
>S98485 C G
>S98487 G C
>S98539 C A
>S98569 C G
>S98746 C A
>S98911 A G
>S98977 A G
>S99063 T C
>S99117 T A
>S99200 C T
>S99229 C G
>S99276 C G
>S99277 G C
>S99285 C T
>S99435 G T
>S99569 G C
>S99750 C T
>S99797 C G
>S99970 C G
>S100002 C T
>S100049 T G
>S100199 T A
>S100206 C A
>S100296 C A
>S100402 T A
>S100442 G A
>S100496 T C
>S100569 T G
>S100693 C T
>S100722 A T
>S100744 C A
>S100780 T A
>S100853 A T
>S100854 A G
>S100885 T A
>S101009 G C
>S101091 C A
>S101240 A C
>S101355 C T
>S101411 G C
>S101640 T G
>S101642 C T
>S101787 A G
>S101788 G A
>S101874 A G
>S101984 A C
>S102088 C A
>S102101 A C
>S102158 G C
>S102169 C T
>S102250 G T
>S102319 C A
>S102385 C G
>S102391 G A
>S102640 G T
>S102646 G T
>S102680 G A
>S102803 G T
>S102846 A T
>S102901 G T
>S102972 G T
>S103033 C G
>S103093 C G
>S103117 A T
>S103344 G T
>S103415 T A
>S103529 T C
>S103573 C G
>S103602 C T
>S103655 C G
>S103688 A C
>S103690 A G
>S103744 T G
>S103832 C T
>S103908 A G
>S103940 C G
>S103992 T A
>S104003 A T
>S104106 C A
>S104153 G A
>S104267 A T
>S104281 A T
>S104289 A T
>S104481 C G
>S104496 C A
>S104573 A G
>S104616 T A
>S104665 T C
>S104701 T G
>S104896 T G
>S105026 T C
>S105030 T A
>S105063 T G
>S105112 T A
>S105421 A G
>S105455 A C
>S105560 G A
>S105605 C T
>S105665 T G
>S105767 A T
>S105786 A T
>S105871 C A
>S105947 G C
>S105978 C A
>S106096 G A
>S106193 T A
>S106206 T C
>S106288 C T
>S106351 G T
>S106483 T A
>S106496 A C
>S106519 G A
>S106653 T A
>S106723 G T
>S106732 C G
>S106797 G T
>S106825 G A
>S106875 T C
>S106929 T C
>S106956 T C
>S107008 C A
>S107063 G C
>S107096 T A
>S107165 C T
>S107190 C A
>S107327 G A
>S107479 A G
>S107488 A G
>S107558 T G
>S107636 G T
>S107649 T G
>S107663 A C
>S107690 T G
>S107745 G A
>S107767 A G
>S107965 G C
>S108327 T A
>S108400 A G
>S108404 T G
>S108444 G T
>S108493 C T
>S108515 A C
>S108602 T G
>S108629 T A
>S108693 T A
>S108710 G C
>S108778 G C
>S108900 C A
>S108995 C T
>S108998 T C
>S109083 T G
>S109106 T A
>S109199 C G
>S109352 T G
>S109362 G C
>S109533 T A
>S109629 C T
>S109658 G C
>S109713 T C
>S109725 T G
>S109962 G T
>S109980 T C
>S110263 T A
>S110367 C A
>S110369 G C
>S110416 T A
>S110497 A C
>S110622 C A
>S110759 G C
>S110943 C G
>S111065 C A
>S111089 C T
>S111129 A C
>S111222 T G
>S111240 A T
>S111404 A C
>S111424 A C
>S111454 G C
>S111555 A T
>S111584 A G
>S111619 T C
>S111715 A G
>S111716 T A
>S111731 G A
>S111772 G A
>S111863 A T
>S111955 G T
>S111964 C A
>S112193 C A
>S112329 T C
>S112396 A C
>S112457 T G
>S112554 G T
>S112724 A G
>S112740 G C
>S112792 A C
>S112899 T A
>S112959 T A
>S113185 T C
>S113319 T G
>S113513 A T
>S113580 C G
>S113688 C T
>S113698 C G
>S113822 A T
>S113834 A C
>S113876 G C
>S113886 C A
>S114041 A G
>S114170 C T
>S114221 G C
>S114231 C G
>S114419 C G
>S114513 C T
>S114545 G C
>S114568 T C
>S114697 T G
>S114764 G T
>S114814 T A
>S114900 G C
>S115033 A C
>S115169 C A
>S115269 A C
>S115279 C G
>S115301 T G
>S115370 T C
>S115404 A C
>S115550 C G
>S115736 A T
>S115819 G C
>S116080 T A
>S116395 A T
>S116681 C T
>S117016 T A
>S117137 T A
>S117151 G C
>S117265 G C
>S117267 C G
>S117312 C A
>S117332 C G
>S117395 T A
>S117396 A C
>S117507 G A
>S117676 C G
>S117761 T G
>S117783 C A
>S117835 A C
>S117836 T C
>S117872 T G
>S117945 A C
>S117984 C T
>S118011 C A
>S118048 C A
>S118129 G A
>S118196 G T
>S118399 C T
>S118427 A G
>S118490 C T
>S118609 A T
>S118693 C A
>S118949 A T
>S119129 T C
>S119130 G C
>S119188 A C
>S119241 T C
>S119456 A C
>S119558 T G
>S119581 T G
>S119591 C T
>S119606 A T
>S119664 T G
>S119747 T C
>S119810 A T
>S119853 C A
>S119891 C G
>S119929 C A
>S120049 C G
>S120413 C T
>S120415 A G
>S120426 A G
>S120634 T C
>S120695 C T
>S120723 C A
>S120815 T G
>S121029 G C
>S121075 A T
>S121145 G A
>S121146 A G
>S121225 A G
>S121372 G C
>S121382 T C
>S121383 A T
>S121454 G T
>S121557 T G
>S121637 C G
>S121749 C T
>S121827 T G
>S122106 G A
>S122311 C G
>S122366 T A
>S122416 G T
>S122582 G A
>S122596 C A
>S122639 G C
>S122641 T G
>S122683 G C
>S122782 T A
>S122834 G A
>S122845 G C
>S122893 C G
>S123105 A G
>S123106 G A
>S123142 A C
>S123235 G T
>S123290 C G
>S123339 C T
>S123395 A G
>S123438 A G
>S123439 T A
>S123550 G T
>S123680 A G
>S123712 A C
>S123910 A T
>S123992 A T
>S124087 G A
>S124102 A C
>S124140 G C
>S124186 A T
>S124341 G A
>S124381 A T
>S124413 G A
>S124468 G C
>S124599 T G
>S124688 A C
>S124755 T A
>S124763 G T
>S124804 C T
>S124807 T C
>S125035 A G
>S125080 G C
>S125094 T A
>S125184 C G
>S125271 T A
>S125383 A G
>S125422 C A
>S125444 G C
>S125580 A T
>S125823 A T
>S125826 G A
>S126115 C A
>S126116 G C
>S126271 G C
>S126322 G C
>S126323 C A
>S126408 A T
>S126438 G A
>S126642 T G
>S126686 C T
>S126733 T C
>S126758 C A
>S126893 C A
>S126956 G A
>S127123 G C
>S127124 C T
>S127142 T G
>S127235 A C
>S127478 G A
>S127534 G A
>S127676 A T
>S127732 A T
>S127815 C A
>S128164 A C
>S128246 A G
>S128353 T G
>S128489 A T
>S128591 G C
>S128648 T C
>S128713 C T
>S128776 T C
>S128799 T C
>S128871 A T
>S128990 C A
>S129013 C G
>S129134 G T
>S129318 G C
>S129425 A T
>S129426 T G
>S129664 C A
>S129665 A T
>S129673 C A
>S129697 C T
>S129769 C A
>S129771 T C
>S129877 A T
>S129908 C G
>S129984 C G
>S130186 C G
>S130531 G C
>S130533 C T
>S130709 T C
>S130738 T C
>S130800 A C
>S130875 C T
>S130919 A T
>S130974 G A
>S131041 T G
>S131070 T C
>S131122 G T
>S131125 T C
>S131221 C G
>S131318 G A
>S131336 T G
>S131357 A C
>S131457 C T
>S131528 G C
>S131618 G A
>S131716 C A
>S131717 G T
>S131791 T C
>S131806 A G
>S131808 C T
>S131925 T C
>S132024 C G
>S132253 A T
>S132393 C A
>S132470 A T
>S132552 A T
>S132635 C G
>S132689 A C
>S132800 C A
>S132808 T C
>S132816 A C
>S132901 C T
>S132949 G C
>S133051 C T
>S133129 C G
>S133182 G T
>S133357 G C
>S133508 A C
>S133520 T A
>S133577 G A
>S133812 G T
>S133879 A C
>S134017 T A
>S134070 G C
>S134180 G A
>S134287 C A
>S134352 T C
>S134512 C G
>S134521 T G
>S134522 A T
>S134787 G T
>S134912 A C
>S134913 C A
>S135053 G T
>S135211 T C
>S135269 C T
>S135314 T G
>S135410 T G
>S135416 A G
>S135428 T C
>S135550 A G
>S135696 A C
>S135858 G C
>S135871 C A
>S135897 T C
>S135983 C A
>S136049 C T
>S136088 A T
>S136144 A G
>S136206 C G
>S136376 C T
>S136377 A C
>S136413 G T
>S136536 G A
>S136708 C G
>S136776 G C
>S137000 C T
>S137138 G A
>S137140 T A
>S137149 T C
>S137237 G T
>S137240 G A
>S137339 C A
>S137446 A T
>S137494 G T
>S137625 G C
>S137674 T G
>S137733 A G
>S137769 C T
>S137832 C G
>S137881 A T
>S137908 G C
>S137951 G A
>S138052 C G
>S138064 A C
>S138093 T A
>S138212 G C
>S138213 C G
>S138226 A T
>S138247 C G
>S138379 G C
>S138581 C A
>S138831 A C
>S139024 T G
>S139138 C T
>S139140 T G
>S139159 T A
>S139191 A G
>S139296 G C
>S139336 G C
>S139563 A T
>S139598 G C
>S139668 C A
>S139908 G C
>S139939 A G
>S139999 T C
>S140001 T G
>S140070 T C
>S140304 A T
>S140352 T A
>S140358 T C
>S140412 G T
>S140838 G C
>S141246 T C
>S141399 C T
>S141506 G A
>S141507 A T
>S141514 A C
>S141571 A T
>S141714 C T
>S141785 G C
>S141833 T G
>S141835 C A
>S141967 G T
>S142140 A G
>S142206 T A
>S142228 C A
>S142383 T G
>S142453 G C
>S142475 A T
>S142541 G A
>S142660 T G
>S142735 C G
>S142797 C T
>S142814 A T
>S142848 T G
>S142970 C T
>S143054 C T
>S143116 T G
>S143147 G A
>S143250 C T
>S143280 C G
>S143332 T C
>S143333 T C
>S143335 C G
>S143569 C A
>S143589 G C
>S143643 G A
>S143703 C T
>S143760 C T
>S143836 G T
>S143876 T C
>S143929 C G
>S144063 T G
>S144342 C A
>S144433 C A
>S144470 T C
>S144524 C G
>S144575 C T
>S144684 T C
>S144808 A G
>S144984 T G
>S145003 T C
>S145023 C T
>S145092 C A
>S145109 G T
>S145183 T C
>S145316 A T
>S145428 G T
>S145490 T C
>S145528 T G
>S145697 T G
>S145794 G C
>S145825 T C
>S145877 G T
>S145878 T G
>S146034 C T
>S146071 C A
>S146130 T C
>S146398 C T
>S146412 T A
>S146433 C T
>S146439 T A
>S146502 G A
>S146539 G C
>S146591 C A
>S146663 G A
>S146690 A T
>S146755 G T
>S146790 G A
>S147262 C T
>S147425 G A
>S147430 T G
>S147551 G T
>S147588 C A
>S147623 G C
>S147700 A C
>S147787 C A
>S147799 A T
>S147830 C A
>S147841 C T
>S147879 C A
>S147911 G C
>S148054 A C
>S148108 C A
>S148161 T A
>S148201 C G
>S148379 C T
>S148437 A T
>S148484 A G
>S148604 C T
>S148655 G A
>S148667 T G
>S148669 C T
>S148821 G T
>S148872 T G
>S148892 A T
>S148926 T G
>S148989 C A
>S149066 C G
>S149173 C G
>S149200 T C
>S149216 C A
>S149403 A T
>S149481 G A
>S149482 A G
>S149488 G T
>S149534 G C
>S149571 A G
>S149628 C T
>S149797 G A
>S149866 A T
>S149910 C T
>S149944 G T
>S149945 G C
>S149987 C G
>S149993 G A
>S150088 C G
>S150090 T G
>S150183 G T
>S150216 C A
>S150255 A C
>S150277 G C
>S150421 A C
>S150457 G C
>S150596 G A
>S150608 T G
>S150656 G C
>S150732 T A
>S150734 A G
>S150865 C A
>S150996 C G
>S151005 C T
>S151349 A G
>S151557 G T
>S151614 G A
>S151627 G A
>S151757 G A
>S151781 A G
>S151888 A G
>S151958 A G
>S151982 A G
>S152008 C A
>S152086 A T
>S152184 G C
>S152185 T G
>S152242 C T
>S152278 A G
>S152362 G T
>S152502 T A
>S152503 A G
>S152644 A G
>S152655 G A
>S152665 G T
>S152876 C A
>S152877 A T
>S153119 T G
>S153208 T A
>S153302 T C
>S153336 C G
>S153398 C T
>S153412 T A
>S153472 G C
>S153509 C T
>S153602 C A
>S153641 C A
>S153647 A G
>S153722 G T
>S153723 T G
>S153774 T C
>S153845 T A
>S153888 A C
>S153948 T C
>S154016 G A
>S154036 G A
>S154153 G A
>S154258 T A
>S154466 A G
>S154573 G C
>S154617 G A
>S154633 G C
>S154648 T A
>S154662 C G
>S154763 C G
>S154876 A G
>S154927 G T
>S154999 G A
>S155239 A G
>S155313 A G
>S155314 C A
>S155348 G C
>S155465 C G
>S155468 A T
>S155525 C A
>S155595 C G
>S155679 G C
>S155681 T C
>S155733 T G
>S155761 T A
>S155892 T G
>S155989 G A
>S156004 C A
>S156287 C T
>S156306 G T
>S156391 C G
>S156392 T C
>S156569 A T
>S156913 C T
>S156967 C T
>S157147 C T
>S157233 T C
>S157312 A C
>S157337 G T
>S157375 T C
>S157674 G C
>S157967 G A
>S158003 T G
>S158239 T G
>S158334 G A
>S158335 C T
>S158418 T A
>S158489 T A
>S158579 T C
>S158604 A C
>S158758 T A
>S158983 A G
>S159080 G T
>S159133 C A
>S159252 T G
>S159409 G A
>S159410 A C
>S159441 G C
>S159589 C A
>S159675 T G
>S159731 T A
>S159848 G A
>S159918 G C
>S159958 C A
>S160114 C G
>S160164 A G
>S160221 G T
>S160299 T A
>S160309 T A
>S160466 A T
>S160504 A T
>S160536 C G
>S160619 G A
>S160635 G C
>S160681 C T
>S160807 A T
>S160851 C T
>S160894 G A
>S160921 G C
>S160958 T A
>S161013 G T
>S161049 A C
>S161131 T C
>S161184 C T
>S161192 T G
>S161289 A T
>S161344 A T
>S161456 G T
>S161499 T C
>S161648 T G
>S161712 T C
>S161752 G A
>S161823 T G
>S162019 G C
>S162052 A T
>S162079 A G
>S162137 G T
>S162189 T A
>S162286 A C
>S162462 A C
>S162523 C T
>S162606 C T
>S162632 A T
>S162681 T A
>S162694 G C
>S162788 G T
>S163019 T G
>S163021 G A
>S163069 G C
>S163133 T A
>S163193 G C
>S163194 C A
>S163299 C T
>S163371 G C
>S163536 T A
>S163594 G T
>S163705 A G
>S163717 C G
>S163999 G T
>S164018 C G
>S164059 A G
>S164318 G T
>S164477 G T
>S164563 T C
>S164627 C T
>S164638 T A
>S164730 G A
>S164786 A C
>S164788 G T
>S164991 G A
>S165220 T G
>S165327 A T
>S165362 C T
>S165560 C T
>S165642 G T
>S165687 A C
>S165738 G A
>S165750 T C
>S165838 C T
>S166011 C A
>S166160 T G
>S166343 A G
>S166428 A G
>S166458 A T
>S166518 G A
>S166623 C A
>S166671 T C
>S166674 A G
>S166711 A C
>S166717 T G
>S166869 C A
>S166932 T C
>S166964 A C
>S167033 T G
>S167363 T G
>S167395 A T
>S167492 T A
>S167603 C G
>S167604 G A
>S167607 G T
>S167611 T G
>S167673 T A
>S167717 G A
>S167778 G C
>S167779 T G
>S167790 G C
>S167876 T A
>S167972 G T
>S168024 G A
>S168070 C G
>S168154 C G
>S168283 C T
>S168361 A G
>S168385 T G
>S168407 G C
>S168537 C A
>S168549 A C
>S168554 A T
>S168577 T A
>S168598 G C
>S168756 A T
>S168824 A C
>S168903 A G
>S169091 T G
>S169206 A C
>S169304 G C
>S169389 C A
>S169422 C G
>S169433 A C
>S169575 T G
>S169785 C A
>S170117 C A
>S170119 A T
>S170184 G A
>S170215 G C
>S170465 T C
>S170563 T C
>S170714 G C
>S170819 A C
>S170903 C G
>S171066 A G
>S171243 C T
>S171304 G T
>S171369 A G
>S171549 A T
>S171867 T G
>S171923 T G
>S171979 T G
>S172137 T C
>S172165 T C
>S172221 A T
>S172246 C G
>S172296 G C
>S172477 A G
>S172601 C T
>S172680 T G
>S172753 T C
>S172846 G A
>S172884 T C
>S172958 A G
>S173114 C T
>S173223 C G
>S173256 T G
>S173413 T G
>S173436 C A
>S173472 C T
>S173478 G C
>S173579 T C
>S173693 C A
>S173748 G T
>S173901 G T
>S173963 T C
>S174085 A G
>S174121 A G
>S174225 A G
>S174234 G C
>S174304 A G
>S174411 T G
>S174477 G T
>S174624 T C
>S174672 A G
>S174680 C A
>S174744 T C
>S174766 C T
>S174942 C T
>S174955 G A
>S175306 T G
>S175361 G C
>S175443 A T
>S175502 A C
>S175644 C T
>S175646 T C
>S176259 T A
>S176261 A G
>S176267 C T
>S176425 T G
>S176426 G A
>S176439 T A
>S176565 G T
>S176655 A T
>S176784 A T
>S176830 T A
>S176889 C T
>S176901 A T
>S176926 T G
>S176997 A T
>S177031 G A
>S177039 A C
>S177111 A T
>S177242 C A
>S177341 A C
>S177368 G C
>S177490 A T
>S177547 C G
>S177653 C T
>S177753 T C
>S177767 C A
>S177823 G A
>S177882 C A
>S177944 G T
>S177945 C G
>S177966 A T
>S178062 G C
>S178118 G C
>S178239 A T
>S178445 T G
>S178494 T A
>S178515 T G
>S178602 C G
>S178712 G T
>S178731 T A
>S178859 T C
>S178928 T G
>S179023 G T
>S179024 C G
>S179184 T G
>S179189 G C
>S179286 C G
>S179405 A T
>S179413 C G
>S179465 G T
>S179683 A G
>S179686 C G
>S179814 A T
>S179832 T G
>S179901 C T
>S179934 T C
>S179965 T G
>S180095 C A
>S180201 G C
>S180308 T G
>S180341 C T
>S180511 G A
>S180705 A T
>S180774 T A
>S180880 T G
>S180922 G T
>S180987 T G
>S181085 G C
>S181294 T C
>S181354 A C
>S181399 A G
>S181534 T A
>S181589 A G
>S181679 G A
>S181738 T A
>S181760 G T
>S181965 T C
>S182033 A T
>S182112 A T
>S182192 A C
>S182299 T G
>S182308 G A
>S182380 G C
>S182445 A C
>S182460 C T
>S182496 C T
>S182547 T A
>S182734 A T
>S182777 T A
>S182813 T C
>S182873 G C
>S182935 G T
>S182991 C A
>S182998 T A
>S183058 A C
>S183094 T G
>S183264 C A
>S183518 T G
>S183566 C A
>S183568 G A
>S183631 A T
>S183737 T G
>S183827 A C
>S183860 A T
>S183917 C T
>S183921 T C
>S183958 C G
>S184031 A C
>S184159 A C
>S184209 T G
>S184382 G A
>S184462 A T
>S184492 A C
>S184517 T C
>S184660 C T
>S184748 C A
>S184831 T C
>S185026 G A
>S185126 C G
>S185375 A G
>S185627 A C
>S185648 C G
>S185711 T G
>S185712 C G
>S185749 A T
>S185755 A C
>S185770 T A
>S185935 A T
>S186158 G C
>S186202 T G
>S186213 G T
>S186365 A T
>S186487 G A
>S186490 C A
>S186496 C A
>S186514 C A
>S186557 T G
>S186653 C T
>S186658 G A
>S186753 C G
>S187006 G A
>S187049 A C
>S187138 G C
>S187197 T C
>S187265 G C
>S187336 T G
>S187355 G T
>S187433 A G
>S187606 T A
>S187617 T C
>S187721 A G
>S187774 T C
>S187857 C A
>S187878 T G
>S187970 T C
>S188077 A C
>S188124 A T
>S188320 A T
>S188329 C A
>S188395 A C
>S188463 C A
>S188515 T C
>S188568 A C
>S188571 C G
>S188664 A T
>S188726 A C
>S188891 C T
>S188924 A T
>S189008 G A
>S189169 A C
>S189358 C T
>S189433 C A
>S189591 A C
>S189622 C A
>S189728 G C
>S189828 C G
>S189831 T G
>S189865 T C
>S189891 A C
>S189902 T A
>S190005 G C
>S190088 C G
>S190140 A G
>S190235 G C
>S190293 A C
>S190364 G C
>S190366 C G
>S190507 T G
>S190556 T G
>S190626 T A
>S190627 C A
>S190662 C G
>S190821 A C
>S190863 G C
>S190889 A T
>S190967 C G
>S191001 G T
>S191009 G A
>S191254 C T
>S191319 T A
>S191366 G T
>S191377 T C
>S191386 A G
>S191391 G A
>S191536 C T
>S191822 C T
>S191975 G A
>S192033 T C
>S192046 G C
>S192136 G A
>S192150 T G
>S192173 C T
>S192229 G C
>S192276 T C
>S192479 G A
>S192751 G C
>S192769 G T
>S192781 T G
>S192824 T C
>S192876 A C
>S192887 A G
>S192998 G C
>S193016 C A
>S193128 C A
>S193362 C T
>S193416 T G
>S193495 T A
>S193502 C G
>S193718 T C
>S193719 C T
>S193835 C G
>S193983 G T
>S193985 C A
>S193992 T C
>S194028 C G
>S194332 G A
>S194378 C A
>S194431 A G
>S194484 G A
>S194504 G C
>S194642 A T
>S194667 T C
>S194670 T C
>S194784 C G
>S194785 G C
>S194812 A G
>S194985 A T
>S195313 G C
>S195388 G A
>S195442 T A
>S195468 G A
>S195470 T G
>S195667 T C
>S195709 C T
>S195740 G A
>S195972 G A
>S196001 G C
>S196160 A C
>S196167 A C
>S196280 T G
>S196456 G A
>S196555 A G
>S196811 C T
>S196968 T A
>S197115 A T
>S197278 C A
>S197280 T C
>S197546 A C
>S197639 G A
>S197665 C G
>S197734 T A
>S197804 A C
>S197903 T G
>S197946 T A
>S197965 C G
>S197971 C T
>S198055 T G
>S198150 G T
>S198154 G A
>S198201 T C
>S198248 C G
>S198448 A G
>S198452 T G
>S198548 T C
>S198761 T C
>S198816 C G
>S198891 G T
>S198949 T C
>S199064 T A
>S199099 C A
>S199100 A T
>S199358 A G
>S199574 G T
>S199617 T A
>S199658 A C
>S199743 A C
>S200015 A T
>S200131 A C
>S200179 A C
>S200251 G C
>S200280 T G
>S200450 G T
>S200708 C A
>S200992 A C
>S201036 T G
>S201115 T G
>S201116 G C
>S201372 C A
>S201461 G A
>S201546 A G
>S201585 T C
>S201702 A T
>S201900 G C
>S201905 A C
>S201967 C A
>S202086 T A
>S202115 T C
>S202274 T C
>S202378 G A
>S202437 G C
>S202453 G T
>S202648 A C
>S202693 A G
>S202767 G T
>S202881 G T
>S203012 G A
>S203020 G C
>S203078 A G
>S203183 G T
>S203450 A T
>S203489 T C
>S203640 T C
>S203666 A G
>S203720 G C
>S203762 G A
>S203867 A T
>S203917 C T
>S203954 G A
>S204064 G T
>S204107 A T
>S204186 T C
>S204227 A G
>S204336 A G
>S204421 G T
>S204478 C T
>S204622 C G
>S204678 C T
>S204696 C A
>S204787 C A
>S204788 G C
>S204869 A C
>S204879 C T
>S204881 A G
>S204898 G C
>S205031 T A
>S205184 T C
>S205186 C A
>S205196 A T
>S205204 G C
>S205263 C T
>S205389 C A
>S205409 T G
>S205429 T C
>S205602 C G
>S205679 T G
>S205680 T G
>S205888 A T
>S205948 G C
>S205995 T C
>S206067 C G
>S206071 A C
>S206114 C T
>S206216 C A
>S206252 A G
>S206396 C G
>S206428 C G
>S206534 G C
>S206733 A C
>S206846 A T
>S206931 T A
>S207185 G T
>S207188 T C
>S207233 A C
>S207256 G C
>S207336 C A
>S207400 G C
>S207457 C G
>S207501 A T
>S207502 T A
>S207653 G C
>S207732 C G
>S207985 A C
>S208250 C G
>S208368 C G
>S208564 T G
>S208577 T G
>S208586 G A
>S208655 G A
>S208675 A T
>S208988 C T
>S209124 G A
>S209300 G A
>S209531 C G
>S209608 G A
>S209741 A G
>S209825 G A
>S209916 G A
>S210089 G C
>S210130 T G
>S210328 T G
>S210395 A C
>S210490 G C
>S210560 A G
>S210574 G C
>S210609 T G
>S210657 C G
>S210661 A C
>S210663 C A
>S210723 T A
>S210783 G A
>S211005 A C
>S211105 C T
>S211169 C A
>S211175 C T
>S211214 G T
>S211225 C G
>S211397 A G
>S211579 A T
>S211746 C A
>S211749 G C
>S211840 C G
>S211985 G T
>S211989 G T
>S212007 A T
>S212234 T G
>S212341 T C
>S212427 A G
>S212431 T A
>S212505 A C
>S212554 G T
>S212555 A G
>S212592 C A
>S212617 G T
>S212657 C G
>S212732 A C
>S212735 A G
>S212898 A G
>S212908 G A
>S212983 C A
>S213086 A C
>S213140 A C
>S213150 T A
>S213213 C A
>S213469 T A
>S213629 A C
>S213752 C G
>S213819 G C
>S213828 G A
>S213937 C T
>S213953 C G
>S214009 A C
>S214010 G A
>S214102 C T
>S214191 A T
>S214220 T C
>S214466 C G
>S214475 T G
>S214552 A C
>S214715 T A
>S214771 A G
>S214867 C A
>S214914 G A
>S214936 G A
>S214984 C G
>S215040 G T
>S215095 C G
>S215186 G C
>S215388 T G
>S215479 T G
>S215545 A G
>S215671 C A
>S215710 T C
>S215859 T G
>S215860 G T
>S215871 G T
>S215902 A G
>S215989 T A
>S216055 T G
>S216109 C G
>S216152 G C
>S216260 A T
>S216270 T G
>S216311 G T
>S216359 T A
>S216382 T G
>S216442 A G
>S216522 C G
>S216533 T G
>S216677 G A
>S216926 T A
>S216973 G T
>S217020 T C
>S217023 C T
>S217061 G T
>S217064 C G
>S217242 C T
>S217330 C A
>S217429 C A
>S217478 A G
>S217645 T C
>S217686 C T
>S217695 G A
>S217780 T G
>S217846 G T
>S217889 A G
>S217912 C A
>S217980 C G
>S218015 C G
>S218164 A G
>S218203 G T
>S218277 G C
>S218278 C G
>S218341 C A
>S218367 C G
>S218399 G A
>S218400 C G
>S218414 C T
>S218481 G A
>S218584 A G
>S218699 A T
>S218859 A C
>S218913 T A
>S219039 C T
>S219118 A T
>S219321 T A
>S219492 G C
>S219493 G C
>S219641 T G
>S219677 G C
>S219822 G C
>S219951 T G
>S220244 T C
>S220246 C A
>S220483 C G
>S220571 G A
>S220760 A G
>S220785 C A
>S220887 G C
>S220934 C T
>S221017 A C
>S221087 T G
>S221091 A T
>S221425 G C
>S221552 T C
>S221582 C A
>S221625 T G
>S221734 G A
>S221822 A G
>S221831 G T
>S221889 A C
>S221997 A G
>S222220 A C
>S222386 G T
>S222461 C A
>S222516 A T
>S222605 G T
>S222695 C G
>S222745 T G
>S222746 G T
>S222869 C T
>S222993 T G
>S223111 A C
>S223402 T C
>S223448 A C
>S223507 T C
>S223614 A T
>S223687 C G
>S223823 G T
>S224102 T G
>S224196 T G
>S224266 T G
>S224341 T C
>S224344 A T
>S224365 C A
>S224443 A G
>S224538 T A
>S224865 A G
>S224997 T A
>S225026 C T
>S225037 T A
>S225120 A C
>S225125 G T
>S225172 G A
>S225267 T A
>S225329 A T
>S225389 T A
>S225449 A G
>S225490 C G
>S225551 G C
>S225661 A C
>S226048 G C
>S226107 T A
>S226302 T C
>S226304 G C
>S226403 G C
>S226409 G A
>S226468 T G
>S226515 C A
>S226661 C T
>S226748 A T
>S226759 G A
>S227073 G C
>S227123 C G
>S227365 C G
>S227448 A C
>S227529 G C
>S227564 T A
>S227639 T A
>S227686 T A
>S227688 T G
>S227774 C A
>S227800 G C
>S227811 T A
>S227931 T G
>S227944 A G
>S228024 A T
>S228083 T G
>S228121 A G
>S228245 A G
>S228282 T G
>S228282 T C
>S228283 A G
>S228283 A T
>S228286 G A
>S228469 G C
>S228483 G T
>S228544 A T
>S228637 G C
>S228638 C G
>S228676 G T
>S228694 A G
>S228729 T C
>S228922 T G
>S228984 G T
>S228985 T A
>S229135 T G
>S229139 A T
>S229405 G C
>S229434 T G
>S229513 C T
>S229529 C G
>S229582 T C
>S229608 A G
>S229704 C T
>S229826 A T
>S230070 A C
>S230227 C A
>S230242 A T
>S230309 G T
>S230334 A G
>S230335 A G
>S230399 T G
>S230503 C G
>S230632 C T
>S230708 G T
>S230709 T A
>S230773 G T
>S230810 G T
>S230905 T A
>S230974 C T
>S231086 A C
>S231137 G C
>S231338 C A
>S231389 C A
>S231562 G A
>S231563 C T
>S231611 G A
>S231618 C A
>S231697 C G
>S231782 C G
>S231819 A C
>S231864 G C
>S231945 C A
>S232048 A C
>S232416 C T
>S232545 C A
>S232584 G C
>S232667 C A
>S232853 A T
>S232899 G A
>S232910 G A
>S232993 A G
>S233003 A T
>S233089 T C
>S233239 C G
>S233273 G A
>S233385 C A
>S233439 C G
>S233617 A C
>S233840 A T
>S233909 G C
>S233941 T A
>S234032 G C
>S234084 G C
>S234231 T C
>S234252 C T
>S234399 T G
>S234466 C A
>S234635 A G
>S234708 C A
>S234709 G C
>S234764 C T
>S234768 G T
>S234776 G A
>S234861 C A
>S234961 C A
>S235099 G A
>S235197 C G
>S235268 G C
>S235320 A C
>S235388 A G
>S235510 G C
>S235680 C T
>S235723 A T
>S235800 C A
>S235878 A C
>S235943 G C
>S236055 A C
>S236114 C G
>S236116 A G
>S236140 A C
>S236272 T G
>S236420 C T
>S236541 G A
>S236555 G C
>S236751 A C
>S236778 C T
>S236787 A G
>S236813 G A
>S236920 A T
>S236929 A C
>S236974 C T
>S237040 C G
>S237096 C G
>S237117 C G
>S237127 G T
>S237191 C G
>S237438 A G
>S237538 G T
>S237644 A T
>S237659 T C
>S237672 A T
>S237708 A G
>S237723 A T
>S237773 C A
>S238040 C T
>S238089 C T
>S238112 G C
>S238190 T G
>S238247 T C
>S238252 T C
>S238344 C T
>S238434 A C
>S238445 C G
>S238522 T A
>S238535 A T
>S238624 T A
>S238801 G T
>S238819 C T
>S238820 A C
>S238867 T G
>S239002 A C
>S239029 G A
>S239117 A G
>S239152 G T
>S239436 G A
>S239490 T C
>S239652 G T
>S239661 G T
>S239751 C T
>S239978 A T
>S240064 G C
>S240105 A G
>S240349 C A
>S240418 T G
>S240476 G T
>S240540 G A
>S240660 C G
>S240721 C T
>S240780 T C
>S240872 A C
>S240916 C T
>S241147 C T
>S241365 C A
>S241404 G T
>S241947 T G
>S242119 G C
>S242342 T A
>S242450 C A
>S242540 C T
>S242636 T C
>S242638 G C
>S242771 G A
>S242798 G A
>S242837 C T
>S242982 C G
>S242995 G C
>S243531 T A
>S243617 G C
>S243649 T A
>S243702 G C
>S243799 A T
>S243866 A C
>S244025 T C
>S244250 T G
>S244435 G C
>S244717 T C
>S244824 C G
>S245127 G C
>S245230 T G
>S245272 G T
>S245296 A C
>S245596 G T
>S245605 G T
>S245678 A T
>S245679 C A
>S245870 C A
>S245894 G C
>S245956 A T
>S246141 G C
>S246224 G T
>S246513 A C
>S246617 C A
>S246625 G C
>S246699 G C
>S246750 T G
>S246774 C T
>S246850 A G
>S246997 C A
>S247051 G C
>S247103 G C
>S247106 T C
>S247200 A T
>S247278 G C
>S247412 C G
>S247571 A C
>S247658 G T
>S247778 T G
>S247788 A T
>S247807 G A
>S247867 T A
>S247932 C A
>S248090 G C
>S248192 G A
>S248301 A C
>S248303 T A
>S248326 G A
>S248584 A T
>S248665 G T
>S248675 T A
>S248743 T G
>S248879 A C
>S248917 G C
>S249020 C T
>S249126 T C
>S249180 A T
>S249202 T C
>S249261 A G
>S249477 A G
>S249509 G T
>S249688 A C
>S249720 G A
>S249809 G C
>S249851 G T
>S249950 G T
>S250046 T A
>S250168 T A
>S250187 T G
>S250246 T G
>S250313 C T
>S250336 T G
>S250390 C A
>S250429 C A
>S250476 C G
>S250685 G T
>S250686 T A
>S250799 C T
>S250895 C G
>S251234 A T
>S251660 A C
>S251736 T C
>S251770 A C
>S251869 C G
>S251877 G A
>S252128 A G
>S252375 T C
>S252532 T G
>S252540 T A
>S252551 T C
>S252628 G T
>S252763 T C
>S252885 A G
>S252903 C G
>S253048 T G
>S253108 C A
>S253215 A C
>S253231 C T
>S253311 G C
>S253446 G T
>S253469 T G
>S253751 A G
>S253799 A C
>S253813 A G
>S254003 G A
>S254027 G T
>S254158 C T
>S254162 C G
>S254263 C A
>S254513 C A
>S254567 A C
>S254823 G C
>S254987 A C
>S255065 C T
>S255222 T G
>S255259 A T
>S255305 C T
>S255422 C A
>S255431 G A
>S255512 A C
>S255605 C T
>S255667 C T
>S255736 C A
>S255791 G A
>S256179 T C
>S256302 C A
>S256360 A C
>S256518 G A
>S256622 G C
>S256871 A T
>S256926 A G
>S256976 G T
>S257040 T A
>S257149 T C
>S257206 T G
>S257227 G C
>S257326 C T
>S257338 A C
>S257352 C G
>S257518 T A
>S257565 G T
>S257569 A T
>S257637 G A
>S257642 A C
>S257776 T A
>S257831 T G
>S257952 T A
>S257992 G A
>S258066 C G
>S258135 A C
>S258175 G A
>S258219 C A
>S258286 A G
>S258317 C G
>S258363 C A
>S258449 T G
>S258608 T A
>S258631 T A
>S258716 G C
>S258751 T A
>S258827 G C
>S258920 T A
>S258937 A T
>S259005 C T
>S259006 T G
>S259053 A G
>S259071 C A
>S259163 A G
>S259248 A G
>S259369 G T
>S259370 T G
>S259523 G A
>S259593 T A
>S259827 G C
>S259828 C T
>S259842 T G
>S260036 A C
>S260042 G A
>S260180 C T
>S260182 G C
>S260215 T A
>S260281 C A
>S260360 C A
>S260423 C G
>S260438 G T
>S260461 A G
>S260575 T G
>S260696 T C
>S260837 A T
>S260838 C G
>S260953 A G
>S261011 A C
>S261148 G A
>S261311 A T
>S261319 C A
>S261367 A C
>S261496 T A
>S261535 G A
>S261604 G C
>S261696 T C
>S261958 A T
>S262077 C T
>S262207 G T
>S262253 G C
>S262284 T C
>S262295 T A
>S262515 A T
>S262517 T A
>S262536 T A
>S262717 T G
>S262911 A T
>S262977 C T
>S262979 C T
>S263133 A T
>S263181 G A
>S263335 G C
>S263515 T G
>S263518 G C
>S263669 G C
>S263720 G T
>S263747 C A
>S263844 A G
>S263906 C G
>S263999 A T
>S264154 G T
>S264323 G T
>S264410 G T
>S264469 A G
>S264478 C A
>S264540 A C
>S264563 G C
>S264697 C A
>S264886 A T
>S264983 T G
>S265066 T G
>S265384 A C
>S265448 C G
>S265581 G C
>S265790 A G
>S265880 C A
>S265964 C G
>S266018 G T
>S266283 G C
>S266324 C G
>S266333 C T
>S266517 G T
>S266677 A C
>S266693 T A
>S266722 T C
>S266769 T C
>S266863 A T
>S266986 T A
>S266999 T C
>S267127 T A
>S267171 T A
>S267190 G T
>S267191 T G
>S267310 G C
>S267456 T C
>S267651 G C
>S267724 A G
>S267853 C T
>S267854 T C
>S267950 G C
>S268177 G A
>S268216 A T
>S268266 G C
>S268419 A G
>S268639 A G
>S268736 T A
>S268786 A G
>S268789 A T
>S268842 C T
>S268969 G A
>S269021 G C
>S269045 C A
>S269061 A T
>S269344 A G
>S269416 T G
>S269441 G T
>S269565 G C
>S269649 A T
>S269650 G A
>S269662 T G
>S269663 C T
>S269671 G C
>S269817 G A
>S269925 T C
>S270017 C T
>S270080 G T
>S270170 T C
>S270171 G T
>S270232 A T
>S270265 C A
>S270282 C A
>S270348 T G
>S270349 C A
>S270520 T A
>S270589 C T
>S270659 T C
>S270740 T C
>S270764 C T
>S270900 C A
>S270916 A C
>S270964 C T
>S270980 G C
>S270990 T G
>S271130 T C
>S271133 C T
>S271283 G A
>S271457 A T
>S271502 A G
>S271616 A G
>S271635 C A
>S271705 A C
>S271821 T A
>S271885 G T
>S271918 A G
>S272045 C T
>S272141 G C
>S272309 A T
>S272445 A T
>S272446 T A
>S272716 G C
>S272740 G A
>S272864 T A
>S272938 C G
>S272943 G C
>S272995 A G
>S273321 T G
>S273331 A C
>S273429 C A
>S273489 C A
>S273491 C T
>S273564 G C
>S273657 G T
>S273709 A T
>S273822 G A
>S273946 C A
>S273978 T G
>S274009 G A
>S274311 G A
>S274429 C A
>S274444 A C
>S274511 T G
>S274671 G A
>S274930 C G
>S274989 T C
>S275097 A C
>S275134 T C
>S275305 A C
>S275378 A G
>S275436 C T
>S275851 G C
>S275882 T C
>S276044 C G
>S276147 T A
>S276493 T C
>S276603 C T
>S276684 G A
>S276716 T G
>S276790 G C
>S277079 C T
>S277080 G C
>S277208 T G
>S277238 G T
>S277506 G C
>S277610 T G
>S277611 G T
>S277687 A T
>S277772 T G
>S278016 T G
>S278018 C T
>S278049 G A
>S278129 A C
>S278345 G T
>S278546 C G
>S278547 T C
>S278571 T A
>S278602 T A
>S278726 A C
>S278852 G C
>S278907 T A
>S278908 G T
>S278958 C A
>S278992 T G
>S279101 T A
>S279235 A G
>S279253 G C
>S279317 C A
>S279408 C G
>S279495 C A
>S279633 G T
>S279714 C G
>S279719 A T
>S279798 G A
>S279801 C G
>S279854 G C
>S279947 G A
>S280029 G T
>S280119 G T
>S280285 T C
>S280328 G T
>S280360 T A
>S280633 T C
>S280634 T G
>S280660 C T
>S280853 A T
>S280941 C A
>S281068 C T
>S281145 T C
>S281296 T C
>S281350 T G
>S281394 T A
>S281459 C T
>S281698 T A
>S281767 A C
>S281998 A T
>S282132 T C
>S282173 T A
>S282178 A T
>S282222 G A
>S282286 A C
>S282306 A C
>S282562 C G
>S282590 T A
>S282610 C A
>S282715 C G
>S282757 A G
>S282964 G A
>S282989 C A
>S283300 T A
>S283574 C G
>S283624 A G
>S283804 G C
>S283805 C A
>S283921 T A
>S284015 A C
>S284024 G C
>S284056 G A
>S284128 G A
>S284567 A C
>S284739 C G
>S284802 C T
>S284933 A G
>S285070 C T
>S285120 T A
>S285153 G T
>S285189 G T
>S285257 T G
>S285322 G A
>S285594 A C
>S285597 T A
>S285656 A T
>S285712 A G
>S285866 T G
>S286014 G A
>S286032 A C
>S286035 G C
>S286086 T C
>S286467 T A
>S286474 T C
>S286501 T C
>S286560 A C
>S286562 T G
>S286713 G T
>S286994 G T
>S287014 A G
>S287054 G C
>S287104 A G
>S287143 A C
>S287196 G A
>S287313 T C
>S287342 T G
>S287566 C A
>S287625 C T
>S287633 G T
>S287699 C T
>S287752 T C
>S287826 T G
>S287878 A C
>S287894 G T
>S288213 T C
>S288296 G T
>S288339 A G
>S288456 C A
>S288511 T A
>S288701 G A
>S288785 A C
>S288826 A G
>S288866 A T
>S289051 G T
>S289146 T G
>S289225 C G
>S289266 G A
>S289275 C G
>S289329 C T
>S289397 C G
>S289399 T C
>S289404 C G
>S289406 A G
>S289740 G T
>S289780 A G
>S289858 T C
>S289944 A T
>S290012 G C
>S290077 C T
>S290263 T A
>S290330 T C
>S290607 A G
>S290655 A G
>S290656 G A
>S290681 C G
>S290782 G T
>S290935 A T
>S290936 T A
>S290948 A G
>S290956 A C
>S290957 G A
>S290992 T G
>S291208 G T
>S291220 C A
>S291287 G A
>S291440 T G
>S291602 G A
>S291695 A C
>S291734 G T
>S291807 A T
>S291879 C A
>S291886 A G
>S291956 C T
>S291957 T C
>S291977 C T
>S292060 T A
>S292148 C G
>S292209 A C
>S292264 C T
>S292271 G A
>S292302 C G
>S292382 T A
>S292474 G T
>S292570 C T
>S292595 T A
>S292735 C T
>S292859 A C
>S293099 A C
>S293381 A G
>S293423 C A
>S293478 T A
>S293522 C T
>S293687 C T
>S293922 A C
>S293978 C A
>S293982 T C
>S294127 A C
>S294179 A C
>S294249 G T
>S294281 G T
>S294307 T C
>S294417 C G
>S294519 G C
>S294758 C T
>S294781 G T
>S294827 A G
>S294973 A C
>S295055 T A
>S295059 A G
>S295120 C T
>S295166 C A
>S295228 G A
>S295247 C G
>S295287 G C
>S295589 A G
>S295793 A G
>S295922 G C
>S295967 C T
>S296032 A G
>S296126 G A
>S296213 C G
>S296282 G C
>S296398 C A
>S296719 T A
>S296752 G C
>S296956 A T
>S296958 T A
>S297067 G T
>S297299 T C
>S297343 C A
>S297392 A T
>S297530 A G
>S297531 C A
>S297709 A G
>S297710 T A
>S297875 A C
>S297978 C A
>S298029 C A
>S298125 T G
>S298177 A T
>S298378 T G
>S298523 T C
>S298572 T A
>S298606 T C
>S298613 A T
>S298670 A G
>S298676 T G
>S298706 C G
>S298730 G T
>S298785 C T
>S298849 C A
>S298941 A T
>S299016 G C
>S299147 C A
>S299199 G C
>S299200 T G
>S299207 A T
>S299268 T G
>S299392 C A
>S299454 T C
>S299473 C A
>S299651 A C
>S299686 G A
>S299696 A C
>S299761 C T
>S299993 A G
>S300000 C A
>S300021 T A
>S300072 G T
>S300077 G T
>S300132 A T
>S300133 T C
>S300230 C A
>S300267 G C
>S300284 A G
>S300316 T C
>S300346 T G
>S300582 T G
>S300585 T G
>S300869 T A
>S300914 T G
>S301147 C A
>S301148 G C
>S301187 C G
>S301286 A G
>S301429 C T
>S301604 T C
>S301632 C G
>S301849 T A
>S302020 G T
>S302029 C T
>S302090 T C
>S302098 T C
>S302212 T C
>S302351 T C
>S302354 A C
>S302413 C G
>S302425 C T
>S302562 G T
>S302564 T G
>S302645 G C
>S302720 T G
>S302721 G T
>S302757 T G
>S302770 C A
>S303091 C T
>S303116 A C
>S303211 T C
>S303302 C A
>S303413 G A
>S303571 T C
>S303589 A T
>S303637 T G
>S303692 C A
>S303786 T C
>S303858 G C
>S303928 C G
>S304221 C T
>S304308 G C
>S304404 A T
>S304429 A G
>S304583 G A
>S304584 A C
>S304689 A C
>S304840 C G
>S304872 G T
>S304968 T C
>S304982 A G
>S305054 G A
>S305081 A T
>S305135 G C
>S305196 C T
>S305227 G C
>S305233 T C
>S305525 C G
>S305623 C T
>S305629 G T
>S305679 C G
>S305937 T A
>S305976 T G
>S305984 C A
>S306041 T A
>S306088 G A
>S306091 T G
>S306253 A T
>S306308 A T
>S306354 T C
>S306504 T G
>S306696 T A
>S306810 G C
>S306960 A G
>S307035 A G
>S307118 G T
>S307223 T A
>S307272 T C
>S307321 A G
>S307521 A C
>S307594 A T
>S307647 G T
>S307719 C G
>S307824 G C
>S307854 A C
>S307882 C T
>S307935 A T
>S307936 T A
>S308081 C T
>S308124 G T
>S308137 C G
>S308225 T C
>S308373 G C
>S308544 C G
>S308617 T G
>S308807 T C
>S309214 C A
>S309258 C T
>S309307 G A
>S309310 C A
>S309384 T A
>S309387 T G
>S309580 T A
>S309665 G T
>S309718 C A
>S309719 G C
>S309820 T A
>S309873 C G
>S309900 A T
>S309912 A G
>S310082 T A
>S310095 A T
>S310240 T G
>S310317 T A
>S310326 T G
>S310401 A G
>S310429 A C
>S310462 T A
>S310706 T C
>S310718 T C
>S310729 A C
>S311019 A C
>S311084 T G
>S311375 T A
>S311426 A T
>S311465 C T
>S311514 T C
>S311580 A C
>S311587 T G
>S311717 A G
>S311746 A T
>S311801 C G
>S311881 G T
>S311887 C A
>S311967 A C
>S311981 A T
>S312132 T G
>S312320 A C
>S312326 G T
>S312394 T C
>S312590 C G
>S312593 T A
>S312648 T C
>S312972 T C
>S312999 A T
>S313084 C G
>S313087 T G
>S313090 G T
>S313098 G C
>S313125 A T
>S313209 G T
>S313282 T G
>S313327 T A
>S313390 G C
>S313560 C A
>S313562 C A
>S313635 T C
>S313751 T G
>S313752 G C
>S313899 T G
>S313913 G C
>S313962 G A
>S314045 A T
>S314128 C G
>S314161 C A
>S314533 A T
>S314735 C A
>S314763 T C
>S314961 T G
>S315130 T A
>S315376 C G
>S315582 C A
>S315719 T C
>S315889 C A
>S315890 T A
>S315979 C A
>S316153 T C
>S316301 A C
>S316368 A T
>S316434 C T
>S316733 A G
>S316794 C G
>S317212 T A
>S317241 A G
>S317318 C T
>S317425 C T
>S317489 G C
>S317915 G T
>S318008 T G
>S318051 G C
>S318093 G C
>S318205 T A
>S318348 A G
>S318528 T C
>S318654 A T
>S318658 G A
>S318661 T G
>S318684 C A
>S318779 T A
>S318885 A T
>S318891 G T
>S318941 G A
>S319010 A C
>S319093 C A
>S319198 A G
>S319248 A T
>S319250 A T
>S319316 G A
>S319414 G A
>S319498 T G
>S319499 G C
>S319556 A G
>S319647 A C
>S319778 A T
>S319831 A G
>S319929 C A
>S320052 C A
>S320058 C G
>S320154 T G
>S320250 G C
>S320336 A G
>S320364 T G
>S320513 T G
>S320514 T G
>S320558 G T
>S320649 T C
>S320927 G A
>S321093 A G
>S321135 T G
>S321175 C G
>S321179 G T
>S321229 T C
>S321246 C A
>S321292 C G
>S321296 C G
>S321570 G T
>S321596 C G
>S321749 C G
>S321933 C G
>S321990 C G
>S322065 A C
>S322113 A G
>S322209 C T
>S322236 G C
>S322263 A T
>S322471 C G
>S322473 A C
>S322598 A T
>S322910 G C
>S322932 C G
>S322949 C T
>S323002 T G
>S323027 C G
>S323101 G C
>S323132 G C
>S323275 G A
>S323371 G C
>S323424 C T
>S323579 C T
>S323584 T C
>S323736 C A
>S323802 T C
>S324129 G C
>S324182 C T
>S324285 G C
>S324326 A T
>S324359 A C
>S324467 C T
>S324478 A C
>S324566 G A
>S324642 T A
>S324655 T G
>S324656 G T
>S324795 A G
>S324796 G T
>S324816 A C
>S324848 T G
>S324898 T A
>S325158 A C
>S325170 T C
>S325218 A C
>S325384 T G
>S325403 A C
>S325436 A T
>S325498 A C
>S325570 A G
>S325630 A G
>S325657 C T
>S325745 T C
>S325815 T G
>S325816 T C
>S326088 G T
>S326185 T A
>S326235 C T
>S326264 A T
>S326380 G A
>S326430 G A
>S326483 A T
>S326525 C G
>S326703 T G
>S326818 T A
>S326869 C T
>S326986 C T
>S326987 T G
>S327180 A T
>S327210 C G
>S327330 C G
>S327362 T A
>S327427 G C
>S327569 A T
>S327583 C G
>S327643 G A
>S327687 C T
>S327734 T A
>S327785 T C
>S327786 C T
>S327897 C A
>S328241 A G
>S328335 A C
>S328562 T A
>S328705 G A
>S328823 A T
>S328863 G T
>S328877 G A
>S328937 C T
>S329071 T G
>S329273 G C
>S329361 C A
>S329510 C A
>S329572 C G
>S329745 T G
>S329833 T G
>S329834 A T
>S329889 T C
>S330012 G T
>S330013 A G
>S330036 T C
>S330141 G A
>S330183 T A
>S330269 T A
>S330483 C A
>S330868 A C
>S331013 A C
>S331097 T A
>S331222 T C
>S331436 G C
>S331565 T A
>S331611 G A
>S331668 G T
>S331716 A T
>S331756 G A
>S331768 A G
>S331801 G C
>S331814 T C
>S331888 T A
>S332094 T C
>S332341 G C
>S332576 A C
>S332633 G C
>S332808 A C
>S332870 G T
>S332948 G T
>S333012 G T
>S333102 C T
>S333105 A C
>S333288 G T
>S333304 G A
>S333424 C T
>S333500 T C
>S333512 A G
>S333574 A T
>S333617 T G
>S333694 C G
>S333707 C A
>S333760 C A
>S333816 A C
>S333887 T C
>S334030 T A
>S334411 T A
>S334487 A T
>S334538 G T
>S334539 T G
>S334547 A T
>S334615 G T
>S334770 T C
>S334773 A T
>S334822 C T
>S334832 T A
>S334892 A C
>S335113 G C
>S335148 C G
>S335224 C T
>S335225 T A
>S335325 C G
>S335380 C A
>S335504 G A
>S335554 A C
>S335636 T G
>S335726 C G
>S335765 G C
>S335790 T G
>S336038 A T
>S336046 A G
>S336049 A T
>S336068 A G
>S336090 A T
>S336158 G T
>S336179 A C
>S336223 T G
>S336538 C T
>S336545 T C
>S336598 A C
>S336633 A T
>S336760 C T
>S336761 C G
>S336796 T C
>S336918 C A
>S337131 C G
>S337214 G A
>S337387 T A
>S337428 C G
>S337544 A C
>S337636 A T
>S337728 T G
>S337777 G T
>S337930 A T
>S338133 T A
>S338134 C T
>S338267 G C
>S338272 A G
>S338403 A G
>S338432 T C
>S338483 A G
>S338579 C G
>S338580 A C
>S338609 A T
>S338676 C A
>S338757 G T
>S338907 C T
>S338911 T C
>S338938 G T
>S339139 A T
>S339202 G T
>S339353 G C
>S339354 C G
>S339387 T G
>S339434 G C
>S339581 T C
>S339597 T G
>S339661 C T
>S339777 A T
>S339788 C T
>S339839 G T
>S339979 G C
>S340099 A T
>S340180 T G
>S340307 G T
>S340308 T G
>S340420 G A
>S340512 C T
>S340575 A G
>S340629 C T
>S340704 C T
>S340874 T G
>S340925 G T
>S340931 G T
>S340968 T A
>S341039 G A
>S341058 T C
>S341065 C T
>S341139 G A
>S341197 T G
>S341268 G A
>S341365 T C
>S341366 G C
>S341405 C T
>S341602 T A
>S341660 A T
>S341898 C T
>S341978 C A
>S341987 C A
>S342012 T G
>S342071 A G
>S342118 T A
>S342220 G C
>S342361 G T
>S342471 T G
>S342588 A T
>S342658 A G
>S342722 T C
>S342781 T A
>S342826 G A
>S342884 C T
>S343122 T A
>S343149 C G
>S343184 T A
>S343340 A G
>S343359 C G
>S343457 G C
>S343461 T G
>S343588 T C
>S343625 T C
>S343680 C T
>S343686 T G
>S343737 G T
>S343796 G A
>S343797 G A
>S343962 A T
>S343963 T A
>S344008 G T
>S344127 C G
>S344365 G C
>S344454 T A
>S344473 A C
>S344536 A G
>S344678 T C
>S344708 G T
>S344772 G T
>S344773 T G
>S344813 A C
>S344882 G C
>S344974 T A
>S345040 C T
>S345052 T A
>S345244 G A
>S345302 T A
>S345344 G C
>S345382 A T
>S345474 A G
>S345477 T C
>S345651 C G
>S345759 G T
>S345783 T C
>S345902 A C
>S346020 A T
>S346078 A C
>S346108 A G
>S346292 C T
>S346434 A G
>S346596 C A
>S346598 T C
>S346645 G T
>S346682 G T
>S346768 A T
>S346828 G T
>S346898 G T
>S346950 C T
>S347031 G A
>S347238 A C
>S347263 C A
>S347331 A T
>S347349 C A
>S347357 C G
>S347404 C A
>S347530 A T
>S347649 A C
>S347764 C T
>S347792 A G
>S348005 T C
>S348018 T A
>S348186 G T
>S348270 A C
>S348327 T A
>S348390 C T
>S348403 G C
>S348405 C G
>S348526 T A
>S348872 C A
>S348971 C G
>S349078 G A
>S349161 T C
>S349225 A C
>S349226 C A
>S349266 G A
>S349318 A C
>S349375 G A
>S349388 A G
>S349433 C T
>S349511 G T
>S349521 A C
>S349662 C A
>S349678 G C
>S349741 A T
>S349874 G T
>S349935 T G
>S349936 G C
>S349939 G C
>S350107 T A
>S350259 T C
>S350456 T G
>S350475 C T
>S350499 C G
>S350506 T G
>S350549 A C
>S350618 A C
>S350727 G A
>S350744 G A
>S350782 G A
>S350861 G C
>S350922 C G
>S351023 G C
>S351086 T G
>S351111 G T
>S351153 C G
>S351207 G T
>S351338 T G
>S351384 A G
>S351386 T G
>S351521 G T
>S351599 A C
>S351692 A C
>S351719 A T
>S351721 A G
>S351833 T A
>S351915 A T
>S351916 C T
>S351970 T A
>S352068 A G
>S352156 C A
>S352162 C G
>S352201 C G
>S352630 A T
>S352753 G T
>S352945 G A
>S352974 C G
>S353087 A C
>S353221 C A
>S353225 C T
>S353245 A T
>S353322 C A
>S353429 T A
>S353431 A T
>S353473 G C
>S353627 C G
>S353772 A G
>S353773 T G
>S353801 A C
>S353914 C G
>S353924 T G
>S354131 A C
>S354232 T C
>S354262 T A
>S354263 T A
>S354386 T A
>S354462 G T
>S354511 C A
>S354530 C A
>S354532 A C
>S354566 T C
>S354617 C T
>S354634 T G
>S354745 A T
>S354763 T A
>S354853 T C
>S354873 C T
>S354922 A C
>S355073 G A
>S355149 G A
>S355150 A G
>S355325 T G
>S355537 C T
>S355538 T C
>S355625 A G
>S355628 C A
>S355798 C G
>S355843 G A
>S355850 A C
>S355954 C A
>S355976 T A
>S356007 G T
>S356030 A C
>S356035 T C
>S356102 T A
>S356148 A T
>S356155 T C
>S356177 G A
>S356185 A T
>S356248 G C
>S356249 C G
>S356259 A G
>S356288 A G
>S356457 G A
>S356561 T C
>S356638 A C
>S356685 G C
>S357005 C A
>S357015 G C
>S357153 G A
>S357258 G A
>S357281 G T
>S357318 T G
>S357344 T A
>S357392 T C
>S357394 T G
>S357468 T G
>S357494 C A
>S357496 C G
>S357557 T A
>S357574 G A
>S357634 C T
>S357816 T G
>S357831 T C
>S357865 G C
>S358106 A T
>S358140 T C
>S358201 A C
>S358295 C T
>S358345 C G
>S358554 A C
>S358593 A G
>S358661 G C
>S358674 T C
>S358745 G C
>S358828 G C
>S358987 G T
>S359206 A G
>S359437 G C
>S359457 T G
>S359495 C G
>S359502 A G
>S359561 G C
>S359579 A G
>S359590 C T
>S359628 C G
>S359662 A G
>S359732 T G
>S360129 G A
>S360131 T A
>S360283 G C
>S360338 T A
>S360414 A C
>S360447 T G
>S360644 G T
>S360816 T G
>S360870 T C
>S360895 G A
>S360912 A C
>S361026 G A
>S361049 C T
>S361083 A G
>S361185 G A
>S361219 G C
>S361308 G C
>S361328 A T
>S361449 T G
>S361509 C A
>S361553 T G
>S361607 A T
>S361691 G C
>S361747 G T
>S361802 A C
>S361814 A T
>S361815 T A
>S361829 G T
>S361848 A C
>S362056 C A
>S362068 G A
>S362181 T A
>S362223 A T
>S362310 G T
>S362370 A C
>S362381 C A
>S362422 G C
>S362464 T C
>S362583 A C
>S362615 C A
>S362634 T A
>S362838 A C
>S362913 A C
>S362917 C G
>S362997 T A
>S363084 T A
>S363088 T G
>S363151 C T
>S363185 A G
>S363192 G A
>S363424 T C
>S363514 T C
>S363688 T A
>S363755 T A
>S363828 A C
>S363847 C A
>S364067 C T
>S364070 A G
>S364129 C A
>S364174 A G
>S364357 A T
>S364358 C A
>S364359 G A
>S364392 T C
>S364483 T A
>S364484 C A
>S364498 A G
>S364552 T C
>S364685 C T
>S364699 A G
>S364852 T G
>S365005 C T
>S365057 T A
>S365062 A G
>S365215 G T
>S365320 C A
>S365339 C G
>S365413 A C
>S365562 G T
>S365658 G T
>S365666 G C
>S365668 A G
>S365732 T A
>S365985 T C
>S366102 A G
>S366113 C G
>S366183 A C
>S366240 A G
>S366398 A C
>S366400 A C
>S366433 C G
>S366520 A T
>S366780 G C
>S367029 T G
>S367157 T A
>S367178 C T
>S367239 C A
>S367244 A T
>S367367 A T
>S367583 G T
>S367688 T G
>S367694 A C
>S367781 C G
>S367922 G A
>S367960 T G
>S368013 T G
>S368037 G A
>S368041 T C
>S368072 G C
>S368149 C G
>S368150 G C
>S368185 A C
>S368312 G A
>S368331 C G
>S368365 T G
>S368448 G A
>S368452 G T
>S368590 G C
>S368647 T C
>S368935 A C
>S368988 G A
>S369179 C G
>S369234 C T
>S369404 T A
>S369413 T A
>S369449 G C
>S369541 G T
>S369823 A T
>S369878 C T
>S369930 C T
>S369935 A C
>S370007 C T
>S370170 G C
>S370181 T A
>S370332 A T
>S370456 G C
>S370639 A T
>S370645 T A
>S370669 C A
>S370686 C T
>S370727 A G
>S370805 A T
>S370868 A G
>S370869 T A
>S371075 G C
>S371239 C T
>S371247 G C
>S371362 A T
>S371415 T C
>S371506 G C
>S371616 T C
>S371735 A G
>S371766 G A
>S371826 G C
>S371973 A T
>S372076 T C
>S372127 T A
>S372129 A G
>S372148 A C
>S372189 G A
>S372263 A G
>S372298 C A
>S372363 C G
>S372467 C T
>S372559 G A
>S372723 T G
>S372883 T C
>S373016 C G
>S373057 A T
>S373116 A G
>S373177 A C
>S373292 T G
>S373463 A G
>S373503 A G
>S373615 A C
>S373641 T A
>S373665 T A
>S373697 C A
>S373772 T A
>S373810 C T
>S373911 A G
>S373938 A T
>S373988 C A
>S374038 G T
>S374123 T A
>S374168 T A
>S374391 A T
>S374748 C T
>S374768 A C
>S374769 G C
>S374818 T G
>S374819 G T
>S375019 G T
>S375089 C G
>S375197 T C
>S375277 A C
>S375365 A T
>S375418 G A
>S375523 C T
>S375525 T C
>S375558 A G
>S375669 A T
>S375671 T C
>S375780 G A
>S375830 C T
>S375880 T A
>S375908 T C
>S375950 T C
>S375965 G A
>S375997 A T
>S376032 G A
>S376065 A G
>S376405 C G
>S376507 G C
>S376508 A G
>S376765 G T
>S376819 T A
>S376973 A C
>S377052 A G
>S377077 G T
>S377125 C A
>S377303 C T
>S377304 G C
>S377538 A G
>S377758 C A
>S377822 A G
>S377836 G A
>S377851 C T
>S378007 T A
>S378150 A C
>S378182 C A
>S378362 T A
>S378482 A C
>S378670 T G
>S378846 G C
>S378881 A T
>S378938 C A
>S379052 C G
>S379082 A G
>S379190 T C
>S379290 G A
>S379298 G T
>S379387 T G
>S379576 A T
>S379636 A G
>S379647 C T
>S379689 T C
>S379712 T G
>S379765 A T
>S379779 A C
>S379791 T C
>S379930 A T
>S379978 C G
>S380123 T A
>S380181 C G
>S380185 G A
>S380267 A T
>S380285 T G
>S380304 T C
>S380465 G C
>S380519 C A
>S381135 T A
>S381157 A G
>S381159 A G
>S381172 G C
>S381179 A T
>S381243 A G
>S381290 A G
>S381335 A C
>S381418 C T
>S381445 A C
>S381553 A T
>S381583 T G
>S381648 G T
>S381749 C T
>S381751 C G
>S381789 T A
>S381825 C T
>S381858 T C
>S382046 T C
>S382081 A G
>S382148 A C
>S382520 G C
>S382537 C T
>S382709 A T
>S382742 C T
>S382882 T C
>S382925 C T
>S383101 A T
>S383133 G A
>S383165 C A
>S383315 A T
>S383318 T G
>S383359 G T
>S383441 A C
>S383494 C G
>S383644 C A
>S383656 T A
>S383730 T A
>S383826 G A
>S383951 T G
>S383952 G T
>S383994 T C
>S384131 G T
>S384333 G T
>S384361 T G
>S384467 T C
>S384506 C T
>S384668 C G
>S384812 G T
>S384924 A C
>S384996 T C
>S385061 C G
>S385071 T C
>S385113 G T
>S385245 C A
>S385258 C A
>S385296 C A
>S385414 T C
>S385665 C T
>S385668 C T
>S385707 T C
>S385739 A T
>S385907 T C
>S386091 A C
>S386148 T A
>S386177 G T
>S386189 G C
>S386232 C A
>S386332 G T
>S386379 G T
>S386427 C T
>S386439 A C
>S386491 G T
>S386709 T G
>S386819 T G
>S386860 G C
>S386996 A C
>S387027 C G
>S387151 T G
>S387232 G A
>S387260 C T
>S387317 T A
>S387383 T A
>S387398 T A
>S387511 G T
>S387634 T A
>S387635 G T
>S387663 A C
>S387718 G C
>S387938 G T
>S387987 A G
>S387993 T A
>S388047 T C
>S388236 T G
>S388279 T A
>S388288 T C
>S388405 A C
>S388523 C G
>S388630 C A
>S388637 C G
>S388719 C G
>S388742 G T
>S388805 C A
>S388939 G C
>S388972 C T
>S389038 C A
>S389071 A T
>S389233 T A
>S389419 G A
>S389579 A C
>S389587 G T
>S389683 T A
>S389768 G A
>S389875 G C
>S389901 C G
>S389927 T G
>S389999 A G
>S390095 C T
>S390139 C G
>S390259 T A
>S390332 T A
>S390368 T A
>S390481 C T
>S390551 G A
>S390711 G T
>S390763 A G
>S390819 G A
>S390854 A T
>S391142 C A
>S391186 G C
>S391260 G C
>S391285 G A
>S391319 G C
>S391390 C A
>S391471 T C
>S391484 T A
>S391506 A T
>S391586 C T
>S391639 A G
>S391663 C T
>S391699 T A
>S391776 T C
>S391858 G C
>S392018 T A
>S392024 A C
>S392026 C G
>S392151 A C
>S392211 G T
>S392265 C A
>S392326 G A
>S392327 G C
>S392415 C G
>S392480 C A
>S392685 A C
>S392769 A G
>S392873 G C
>S392946 C T
>S392950 G C
>S392990 A C
>S392995 T C
>S393028 T G
>S393029 A T
>S393252 T G
>S393387 A T
>S393454 A C
>S393486 G A
>S393540 A T
>S393632 G A
>S393647 T A
>S393809 A C
>S393810 A C
>S393897 A C
>S394142 C A
>S394198 T C
>S394296 T C
>S394371 C T
>S394420 C A
>S394449 C T
>S394488 C G
>S394496 A G
>S394539 C T
>S394601 G T
>S394609 C G
>S394695 C G
>S394696 T C
>S394847 G C
>S395149 C A
>S395153 G T
>S395225 C A
>S395240 T C
>S395330 C A
>S395427 T C
>S395479 A C
>S395630 T G
>S395631 G T
>S395741 T A
>S395743 G T
>S395937 G C
>S396014 C A
>S396091 C A
>S396129 C G
>S396169 T G
>S396252 A C
>S396253 T A
>S396292 C A
>S396463 T A
>S396523 C A
>S396536 C G
>S396679 C T
>S396742 C T
>S396815 C T
>S396816 T C
>S396851 G A
>S396988 C G
>S396989 C A
>S397035 T A
>S397162 C A
>S397274 G T
>S397366 G A
>S397414 A C
>S397582 G T
>S397593 G A
>S397672 A T
>S397814 T G
>S397831 G C
>S397932 T C
>S397933 C A
>S398055 C A
>S398120 C A
>S398171 T C
>S398176 T C
>S398253 A G
>S398316 T C
>S398360 A T
>S398391 A T
>S398457 G C
>S398521 G C
>S398522 C T
>S398688 T A
>S398799 G T
>S398950 G T
>S399081 G T
>S399127 A G
>S399141 T G
>S399298 C T
>S399318 G C
>S399425 C T
>S399426 T G
>S399600 A C
>S399681 C T
>S399702 A T
>S399752 A T
>S399832 A C
>S399980 T C
>S400037 T A
>S400054 C T
>S400056 C T
>S400192 G C
>S400237 C A
>S400257 T C
>S400370 A C
>S400386 C T
>S400419 A G
>S400420 G T
>S400474 G T
>S400560 A C
>S400606 G A
>S400760 A G
>S400815 T A
>S400854 G C
>S400855 G C
>S400891 T A
>S400901 T C
>S400970 T A
>S401111 T G
>S401114 C G
>S401218 A T
>S401326 A C
>S401327 A T
>S401339 C G
>S401523 C T
>S401591 C T
>S401676 G A
>S401692 A C
>S401720 T C
>S401770 G C
>S401807 A C
>S401946 G A
>S401957 T G
>S402053 C A
>S402061 A T
>S402129 A C
>S402210 A G
>S402215 T C
>S402231 A C
>S402287 A C
>S402319 A G
>S402438 A G
>S402511 T C
>S402602 C A
>S402685 G T
>S402714 G C
>S402716 C A
>S402772 T C
>S402785 T C
>S402906 T G
>S402992 G T
>S403002 C G
>S403180 A G
>S403425 T G
>S403426 G T
>S403430 C T
>S403587 A C
>S403631 G C
>S403867 T C
>S404117 T G
>S404146 C T
>S404214 T G
>S404298 A T
>S404360 T A
>S404369 C A
>S404390 A C
>S404454 C T
>S404478 A C
>S404537 A C
>S404547 G T
>S404549 G C
>S404768 C G
>S405023 C T
>S405113 T G
>S405461 A G
>S405491 G T
>S405560 G A
>S405714 G T
>S405772 C A
>S405775 A G
>S405779 A T
>S405799 G A
>S405886 G T
>S406187 C A
>S406408 C G
>S406594 G T
>S406781 A T
>S407014 C T
>S407089 G C
>S407108 G A
>S407267 T A
>S407268 C T
>S407351 A G
>S407419 G T
>S407549 G T
>S407826 A T
>S407870 G T
>S407935 G A
>S407961 G C
>S407971 A G
>S408067 G T
>S408144 T A
>S408201 C A
>S408410 A C
>S408411 C A
>S408589 C T
>S408701 G A
>S408724 T G
>S408732 C T
>S408741 T A
>S408869 A C
>S408979 C G
>S409357 T C
>S409475 T A
>S409541 G C
>S409773 T G
>S409902 G A
>S409904 G C
>S409967 C A
>S409977 A C
>S410020 A C
>S410037 C A
>S410110 G A
>S410141 A T
>S410187 A C
>S410272 C T
>S410404 C G
>S410455 A C
>S410467 A G
>S410527 A G
>S410591 C G
>S410608 C G
>S410683 C A
>S410734 A G
>S410778 A T
>S410872 A G
>S411023 C G
>S411034 A G
>S411161 G A
>S411360 G A
>S411487 A G
>S411562 A G
>S411812 C T
>S411872 G C
>S411927 G C
>S412022 C T
>S412054 T A
>S412075 G T
>S412116 A T
>S412134 T C
>S412166 T C
>S412326 G C
>S412418 G A
>S412486 G T
>S412545 G T
>S412559 A G
>S412610 G A
>S412612 A C
>S412668 C T
>S412670 A C
>S412769 A G
>S412846 A C
>S412907 C A
>S413000 C A
>S413034 A T
>S413092 T G
>S413209 G A
>S413570 G A
>S413720 A G
>S413733 T A
>S414007 C T
>S414067 C T
>S414083 C A
>S414085 C A
>S414150 T A
>S414186 A C
>S414194 G C
>S414267 G C
>S414355 A G
>S414432 C T
>S414452 C A
>S414587 C G
>S414618 G A
>S414653 C A
>S414729 C A
>S414794 T C
>S414810 C G
>S414821 C T
>S414931 T A
>S415003 G A
>S415114 C A
>S415209 T C
>S415416 T C
>S415515 T C
>S415616 G A
>S415642 A G
>S415676 A C
>S415869 G C
>S415926 G T
>S416002 A T
>S416111 G T
>S416159 C T
>S416281 T C
>S416566 C G
>S416638 G A
>S416705 C A
>S416762 G T
>S416926 C A
>S416934 G A
>S417110 T G
>S417134 T C
>S417137 A C
>S417139 T G
>S417156 T G
>S417188 G A
>S417192 A T
>S417399 T G
>S417448 C A
>S417454 A G
>S417575 T G
>S417670 C G
>S417763 T G
>S417807 G T
>S417914 T G
>S417973 T G
>S418048 T A
>S418218 C G
>S418267 C G
>S418377 C T
>S418378 G T
>S418546 T A
>S418638 G C
>S418686 T C
>S418687 C T
>S418707 A C
>S418735 G T
>S418851 T G
>S418871 T C
>S418950 C A
>S418989 C G
>S419016 T A
>S419065 A C
>S419094 G C
>S419097 G C
>S419151 T C
>S419249 T A
>S419268 T G
>S419324 T A
>S419446 C T
>S419606 A T
>S419848 G A
>S419873 C T
>S420009 A G
>S420073 C T
>S420178 C A
>S420236 T C
>S420240 C G
>S420304 G C
>S420348 G T
>S420494 A G
>S420496 G C
>S420622 A T
>S420713 T A
>S420741 G A
>S420855 A G
>S421003 C G
>S421142 T G
>S421178 A T
>S421350 C A
>S421468 T A
>S421503 A C
>S421647 C A
>S421704 T A
>S421766 A T
>S421961 A G
>S422017 T A
>S422087 G A
>S422186 T C
>S422202 C G
>S422376 A G
>S422424 C T
>S422425 C T
>S422463 A T
>S422577 T A
>S422682 T G
>S422755 A G
>S422799 G A
>S422872 C T
>S422910 A T
>S422934 C T
>S423039 T G
>S423124 C T
>S423158 T C
>S423221 T G
>S423283 T A
>S423365 T A
>S423420 G A
>S423628 C G
>S423678 A C
>S423702 T C
>S423811 A G
>S423881 G T
>S423996 G C
>S424099 T G
>S424132 T G
>S424182 A C
>S424206 C T
>S424253 G T
>S424276 T A
>S424359 C G
>S424565 T G
>S424646 C T
>S424842 C A
>S424885 A T
>S424892 C A
>S425032 G C
>S425118 T C
>S425212 A C
>S425242 C T
>S425283 G C
>S425340 C A
>S425418 C T
>S425457 T A
>S425565 G C
>S425566 G A
>S425681 C T
>S425689 G T
>S425759 A C
>S425766 A G
>S425790 C G
>S425878 C G
>S425895 A G
>S426015 A C
>S426138 A T
>S426167 C A
>S426385 G T
>S426495 A G
>S426852 C A
>S427047 C A
>S427098 A G
>S427186 A C
>S427406 G A
>S427444 A C
>S427475 G T
>S427495 G C
>S427574 T C
>S427593 C G
>S427777 G T
>S427842 T A
>S428083 C A
>S428129 C G
>S428470 T A
>S428520 A C
>S428666 G C
>S428728 T C
>S428803 C A
>S428810 G T
>S428910 A G
>S428981 T G
>S429006 A C
>S429115 T G
>S429121 A G
>S429190 T C
>S429251 C G
>S429352 C T
>S429501 C T
>S429651 T A
>S429825 G C
>S429846 A T
>S429993 A G
>S429993 A T
>S430000 A C
>S430122 T C
>S430238 C G
>S430287 C A
>S430612 T A
>S430641 G A
>S430700 A T
>S430760 C A
>S430772 T A
>S430840 C A
>S430869 G A
>S430938 T G
>S431029 C T
>S431095 A C
>S431207 G C
>S431358 G A
>S431449 C G
>S431451 C G
>S431496 C T
>S431516 A C
>S431589 T A
>S431593 A G
>S431631 A T
>S431665 G T
>S431695 T A
>S431791 A G
>S431953 T A
>S432131 A T
>S432183 G T
>S432332 C A
>S432340 C T
>S432482 A C
>S432561 T A
>S432562 T A
>S432565 T A
>S432707 A G
>S432939 G C
>S433074 A G
>S433132 G T
>S433294 T G
>S433337 A T
>S433356 C A
>S433740 G A
>S433743 C G
>S433862 G C
>S433957 C A
>S434189 G A
>S434197 A C
>S434287 T A
>S434299 C T
>S434470 G A
>S434639 A G
>S434703 A G
>S434995 T G
>S435050 G A
>S435107 A T
>S435151 G A
>S435179 A C
>S435273 A T
>S435454 G C
>S435495 T A
>S435599 C A
>S435629 G A
>S435681 G C
>S435699 G C
>S435700 T G
>S435701 T G
>S435773 G C
>S435811 C A
>S435930 A C
>S435931 C A
>S435980 A G
>S436139 A C
>S436160 T A
>S436190 C T
>S436353 C G
>S436407 A G
>S436550 A C
>S436578 C A
>S436670 T A
>S436821 C A
>S436916 G C
>S436919 A G
>S436929 T C
>S436984 C G
>S437051 C A
>S437167 T A
>S437276 C T
>S437314 C G
>S437369 C T
>S437373 T C
>S437393 G C
>S437399 T G
>S437754 C A
>S437755 A C
>S437787 T C
>S437789 G T
>S437855 A T
>S437873 G A
>S438019 C T
>S438070 T G
>S438072 G A
>S438099 A T
>S438189 T C
>S438190 C T
>S438291 T C
>S438343 C G
>S438401 T A
>S438406 C T
>S438408 T C
>S438439 C T
>S438523 T C
>S438581 T G
>S438583 C T
>S438633 G A
>S438634 G A
>S438635 G T
>S438637 C T
>S438783 A C
>S438870 C A
>S438898 A T
>S438985 C A
>S439004 T C
>S439021 A C
>S439114 A G
>S439123 T C
>S439291 A G
>S439379 G A
>S439494 G C
>S439561 A C
>S439605 A G
>S439667 G T
>S439722 G A
>S439818 A G
>S439953 A C
>S439983 G C
>S440186 T A
>S440187 A T
>S440216 T C
>S440306 G T
>S440429 G C
>S440436 T A
>S440459 G C
>S440575 A T
>S440595 C G
>S440660 G C
>S440666 T G
>S440720 A C
>S440785 T C
>S440834 A T
>S440906 A C
>S440907 T C
>S441121 C T
>S441405 C A
>S441488 G T
>S441527 T A
>S441619 C G
>S441633 G A
>S441803 G A
>S441907 T C
>S441957 T C
>S442018 G T
>S442024 C T
>S442029 C G
>S442129 G A
>S442188 A G
>S442237 C A
>S442245 T A
>S442392 C G
>S442464 C T
>S442572 C A
>S442580 C G
>S442675 C G
>S442707 G A
>S442806 A G
>S442877 G T
>S442954 G T
>S443105 T G
>S443210 T G
>S443278 A T
>S443316 A T
>S443491 C G
>S443645 C G
>S443846 C A
>S444043 G A
>S444188 T C
>S444199 C T
>S444247 G T
>S444252 G A
>S444287 T G
>S444312 C G
>S444349 A C
>S444396 G A
>S444569 C A
>S444624 C G
>S444687 A G
>S444753 T C
>S444820 A C
>S444837 T C
>S445031 A G
>S445234 T C
>S445255 T C
>S445370 A T
>S445436 G A
>S445483 C A
>S445507 T C
>S445587 C T
>S445622 C A
>S445662 G A
>S445770 G C
>S445813 T A
>S445827 A T
>S446054 A G
>S446112 C G
>S446370 A T
>S446438 T A
>S446615 T C
>S446789 A T
>S446896 T C
>S446999 C A
>S447196 T G
>S447287 T G
>S447304 A T
>S447332 T G
>S447332 T C
>S447372 G T
>S447373 C A
>S447438 T A
>S447542 C G
>S447754 T C
>S447819 G C
>S447957 G T
>S447975 G C
>S448391 A T
>S448395 T C
>S448440 G C
>S448488 T G
>S448613 T C
>S448698 C G
>S448773 A T
>S448782 G C
>S448851 T C
>S448959 A T
>S449005 T C
>S449161 G T
>S449275 A T
>S449374 A G
>S449384 A C
>S449841 A C
>S449864 T C
>S449872 A T
>S449963 T A
>S450195 G C
>S450358 C A
>S450439 G A
>S450476 G A
>S450502 A C
>S450593 C G
>S450619 G T
>S450620 T A
>S450663 T A
>S450886 C T
>S451013 C G
>S451165 G A
>S451167 C T
>S451197 T C
>S451263 T A
>S451299 G C
>S451365 A T
>S451810 G C
>S451879 T C
>S451925 C G
>S451982 C T
>S452077 G T
>S452083 C A
>S452085 A T
>S452167 C T
>S452244 A G
>S452394 G T
>S452438 T C
>S452465 G C
>S452595 C G
>S452830 C G
>S453028 G C
>S453061 A T
>S453105 C A
>S453129 T A
>S453202 C G
>S453556 C T
>S453582 G T
>S453746 A G
>S453748 A C
>S454087 G T
>S454182 A G
>S454235 G A
>S454390 A C
>S454553 G C
>S454609 T A
>S454611 C A
>S454648 C T
>S454718 G A
>S454840 T C
>S455004 T C
>S455041 A C
>S455201 T C
>S455228 A G
>S455277 A C
>S455374 A T
>S455478 C T
>S455485 T C
>S455528 C A
>S455569 G A
>S455790 G T
>S455855 T G
>S455966 G C
>S456034 G T
>S456316 C G
>S456338 T A
>S456366 A G
>S456395 T A
>S456530 G C
>S456577 C A
>S456600 A G
>S456633 C A
>S456678 C T
>S456857 C T
>S457094 G C
>S457133 A G
>S457304 G C
>S457431 C A
>S457674 T A
>S457790 C T
>S457843 C A
>S457927 G A
>S457929 A T
>S457971 C T
>S458152 G C
>S458196 G A
>S458359 C G
>S458587 C T
>S458732 C G
>S458854 C G
>S458912 A T
>S458956 C A
>S459022 C G
>S459057 C G
>S459226 C A
>S459254 A C
>S459373 T C
>S459584 G A
>S459680 C A
>S459829 A T
>S459875 T C
>S459915 T A
>S459959 A T
>S460006 C G
>S460277 A C
>S460279 A C
>S460459 C G
>S460468 T C
>S460578 C G
>S460622 T G
>S460805 T A
>S460858 A G
>S460896 G A
>S460967 T A
>S460995 A G
>S461045 G C
>S461078 C A
>S461195 C A
>S461196 T C
>S461247 G T
>S461286 G A
>S461298 G T
>S461348 C T
>S461375 G T
>S461538 G T
>S461600 G A
>S461796 G A
>S461800 A G
>S461832 C A
>S461969 T C
>S462064 A C
>S462102 T C
>S462152 C G
>S462154 C G
>S462169 T G
>S462220 A C
>S462293 T G
>S462453 C A
>S462537 G A
>S462745 C T
>S462797 G C
>S462900 T G
>S463074 A C
>S463160 T C
>S463190 T G
>S463204 A C
>S463395 C G
>S463450 T A
>S463498 T A
>S463613 A G
>S463641 A T
>S463679 G C
>S463830 C A
>S463844 A C
>S463934 G A
>S463944 C A
>S464126 G A
>S464128 G C
>S464255 C A
>S464380 G T
>S464549 C G
>S464680 G A
>S464710 G T
>S464843 T G
>S464845 C T
>S464979 A G
>S465009 C A
>S465134 A C
>S465153 G C
>S465163 G T
>S465221 G A
>S465533 G T
>S465590 A C
>S465593 G C
>S465747 G A
>S465779 A T
>S465917 T G
>S465980 G T
>S466105 T G
>S466290 C T
>S466359 G C
>S466362 C T
>S466422 C A
>S466430 A C
>S466548 T A
>S466576 A G
>S466676 G T
>S466760 C G
>S466781 A T
>S466887 T G
>S467101 C A
>S467240 A T
>S467421 C G
>S467476 T G
>S467555 G A
>S467587 T G
>S467734 T A
>S467950 C A
>S467960 A T
>S468120 C A
>S468121 A G
>S468294 C G
>S468437 A G
>S468480 G T
>S468520 T A
>S468646 C A
>S468697 T G
>S468936 T C
>S469301 T A
>S469305 G C
>S469373 A G
>S469444 T G
>S469592 T G
>S469707 G C
>S469726 T A
>S469775 A G
>S469776 T A
>S469837 G T
>S469883 T G
>S470001 C A
>S470286 C T
>S470294 G A
>S470430 G C
>S470441 C T
>S470688 C T
>S470785 C T
>S470826 C G
>S470996 C A
>S471137 T G
>S471165 C G
>S471214 G C
>S471284 A T
>S471313 A G
>S471371 C G
>S471618 G T
>S471633 A T
>S471676 A C
>S471960 C G
>S472083 G A
>S472085 G A
>S472105 A T
>S472140 C T
>S472213 A C
>S472214 C A
>S472291 G C
>S472325 T C
>S472388 C T
>S472501 A C
>S472502 C A
>S472524 C G
>S472536 A T
>S472565 C A
>S472653 T A
>S472718 C G
>S472770 T G
>S472887 C G
>S472936 C G
>S472984 A T
>S472985 T C
>S472994 G T
>S473068 G T
>S473088 T G
>S473279 C T
>S473481 A G
>S473528 C T
>S473591 C G
>S473671 A G
>S473867 A T
>S473934 A C
>S474133 T A
>S474184 C A
>S474221 C G
>S474319 G T
>S474393 G A
>S474512 G T
>S474629 A C
>S474761 A C
>S474784 G T
>S474881 G T
>S474975 T C
>S475025 A T
>S475159 T G
>S475197 C T
>S475357 C A
>S475447 A G
>S475506 C G
>S475563 T C
>S475591 T C
>S475621 T G
>S475688 T C
>S475755 C G
>S475852 T A
>S475886 A C
>S475958 A T
>S476019 T G
>S476071 A C
>S476072 G A
>S476163 T C
>S476179 T G
>S476222 G C
>S476402 T C
>S476442 G T
>S476543 G A
>S476680 T A
>S476899 C G
>S476981 C G
>S477162 G C
>S477164 T G
>S477182 G C
>S477207 C G
>S477324 A C
>S477352 G C
>S477387 G T
>S477551 A C
>S477641 G A
>S477642 A G
>S477773 C T
>S477980 G C
>S477989 A C
>S478058 A C
>S478070 T G
>S478128 T C
>S478273 C T
>S478379 T A
>S478499 G A
>S478552 C G
>S478647 G C
>S478777 C A
>S478790 T A
>S478854 A T
>S478866 C T
>S479121 G A
>S479245 G A
>S479304 C A
>S479522 G T
>S479624 A T
>S479721 A T
>S479739 A G
>S479771 A G
>S479975 G A
>S480109 A G
>S480165 A G
>S480376 A G
>S480444 C G
>S480464 A T
>S480706 G A
>S480768 T G
>S480839 A T
>S480841 T A
>S480937 T G
>S481068 T A
>S481089 T A
>S481305 A T
>S481495 G C
>S481496 T G
>S481544 C G
>S481646 C A
>S481668 A T
>S481740 G T
>S481796 G A
>S481814 T C
>S481853 A T
>S481894 G A
>S481907 C A
>S481974 C T
>S481990 T G
>S481991 G T
>S482135 T A
>S482138 C G
>S482149 A T
>S482185 A C
>S482196 A T
>S482369 A G
>S482460 G C
>S482543 C T
>S482595 C A
>S482668 C A
>S482670 T C
>S482693 G A
>S482827 G C
>S482956 T G
>S482978 T C
>S483026 A C
>S483098 T G
>S483155 A G
>S483350 A C
>S483352 C G
>S483418 G T
>S483528 A T
>S483915 G T
>S484072 C A
>S484402 G A
>S484424 G C
>S484487 G A
>S484528 C T
>S484530 A T
>S484629 C T
>S484731 A G
>S484801 T G
>S484880 C G
>S484910 G C
>S485067 C T
>S485089 A G
>S485121 T G
>S485265 T G
>S485408 C A
>S485510 C G
>S485537 T A
>S485745 C G
>S486015 C G
>S486108 C A
>S486115 G A
>S486202 G A
>S486337 A T
>S486407 C A
>S486490 A C
>S486643 C G
>S486850 C A
>S487065 A C
>S487170 G A
>S487387 C A
>S487440 T A
>S487583 G A
>S487707 T A
>S487764 T A
>S487797 C T
>S487823 T A
>S487853 C G
>S487895 G C
>S488015 G T
>S488050 G A
>S488110 C G
>S488365 C A
>S488415 C T
>S488416 T G
>S488420 A C
>S488516 C G
>S488547 G T
>S488583 A C
>S488709 G T
>S488711 C G
>S488792 A T
>S488866 C T
>S488916 C G
>S488958 C G
>S488961 C G
>S489051 A G
>S489061 C A
>S489142 A G
>S489252 G T
>S489284 T G
>S489309 G A
>S489444 G A
>S489479 T G
>S489551 T C
>S489582 T A
>S489584 T A
>S489674 T A
>S489742 A T
>S489756 T C
>S489776 C A
>S489828 T A
>S489835 A T
>S489896 G A
>S489905 A C
>S490097 G C
>S490153 T C
>S490364 A C
>S490494 A T
>S490573 T C
>S490613 G T
>S490724 G T
>S490883 G T
>S490924 T C
>S491249 C T
>S491406 A T
>S491518 A T
>S491744 A G
>S491774 G A
>S491939 T G
>S492062 G A
>S492110 G T
>S492442 C G
>S492443 T G
>S492498 G C
>S492548 A T
>S492631 G A
>S492762 G C
>S492773 T G
>S492783 A T
>S492784 T A
>S492798 C T
>S492809 G T
>S492895 C G
>S492902 C A
>S492986 A C
>S493043 G A
>S493054 T G
>S493088 G A
>S493528 A G
>S493582 A G
>S493599 T G
>S493695 G C
>S493704 A G
>S493737 A T
>S493923 A C
>S494004 G T
>S494021 T C
>S494237 C G
>S494238 T C
>S494352 A T
>S494391 T C
>S494415 T C
>S494472 C A
>S494525 G T
>S494649 T C
>S494677 G C
>S494740 G C
>S494769 G T
>S494851 G A
>S494917 C T
>S495036 T G
>S495155 G C
>S495312 G C
>S495451 T G
>S495458 C T
>S495513 G A
>S495664 A C
>S495789 T A
>S495855 T A
>S495868 T G
>S495922 C T
>S495923 A C
>S495984 C G
>S496088 G T
>S496090 T C
>S496151 G A
>S496185 A G
>S496246 C A
>S496262 G C
>S496264 G T
>S496279 A G
>S496311 G T
>S496344 T C
>S496453 G C
>S496495 A G
>S496669 T A
>S496828 G A
>S497069 G C
>S497087 T A
>S497186 A G
>S497262 G C
>S497327 A G
>S497348 A G
>S497418 T G
>S497516 C G
>S497619 C T
>S497657 G C
>S497723 T C
>S497736 T A
>S497797 C G
>S497891 T G
>S497911 G C
>S497985 A C
>S498000 A T
>S498046 A T
>S498193 G C
>S498208 C A
>S498241 G A
>S498289 T G
>S498359 T A
>S498395 G A
>S498436 C T
>S498647 G A
>S498660 G A
>S498732 C G
>S498744 G T
>S498949 G A
>S499208 G C
>S499330 C A
>S499332 C A
>S499402 A C
>S499501 G A
>S499588 C A
>S499625 G C
>S499709 G C
>S499915 G A
>S499944 C T
>S499980 T C
>S499997 G T
>S500084 C T
>S500086 A C
>S500246 T C
>S500361 A G
>S500425 C G
>S500506 G C
>S500519 T A
>S500577 T G
>S500738 C T
>S500761 A G
>S500766 A G
>S500768 T A
>S501101 T A
>S501123 T C
>S501160 G C
>S501185 T C
>S501236 A G
>S501334 G T
>S501456 G C
>S501559 A G
>S501560 G A
>S501582 C T
>S501607 G C
>S501699 C A
>S501710 C T
>S501762 G A
>S501916 G T
>S501995 G C
>S502223 T C
>S502369 A G
>S502428 G T
>S502456 G A
>S502553 A T
>S502682 G T
>S502695 G T
>S502883 C G
>S502997 G T
>S503097 T A
>S503128 A C
>S503177 G A
>S503220 C A
>S503273 T G
>S503328 C A
>S503387 T C
>S503397 C A
>S503549 A G
>S503646 A T
>S503763 G T
>S503802 A T
>S503959 C A
>S503980 A G
>S504089 A G
>S504137 A T
>S504410 A C
>S504647 C T
>S504794 T G
>S504813 G A
>S504987 C G
>S505012 T C
>S505058 T C
>S505167 A T
>S505180 T G
>S505227 G A
>S505244 G T
>S505339 C A
>S505436 G C
>S505724 C A
>S505824 A C
>S505831 A C
>S505930 G C
>S506001 T A
>S506067 A T
>S506114 G C
>S506184 A G
>S506191 A T
>S506236 G T
>S506284 T C
>S506299 T C
>S506468 A C
>S506662 T G
>S506791 T C
>S506856 T A
>S506912 G T
>S506914 T G
>S506958 A T
>S507011 C A
>S507013 A G
>S507121 C G
>S507333 A G
>S507399 G A
>S507447 C A
>S507503 T C
>S507510 A C
>S507584 C A
>S507606 T G
>S507621 A C
>S507727 C A
>S508005 A T
>S508047 C G
>S508190 C A
>S508446 C A
>S508458 T A
>S508498 C A
>S508624 C G
>S508647 A T
>S508674 T G
>S508770 C G
>S508979 A T
>S508985 T G
>S508988 T A
>S509171 G A
>S509341 T A
>S509380 T G
>S509393 A T
>S509422 G A
>S509450 G C
>S509523 G A
>S509651 C G
>S509805 A T
>S509806 T A
>S509812 A C
>S509881 T G
>S509958 G A
>S509967 A G
>S510017 T C
>S510082 G T
>S510163 C A
>S510278 C T
>S510367 C A
>S510416 A C
>S510467 A G
>S510633 A G
>S510697 T C
>S510795 A G
>S511437 C G
>S511612 G C
>S512006 T G
>S512015 T G
>S512134 C A
>S512216 A C
>S512235 G C
>S512330 C A
>S512399 C A
>S512413 G A
>S512414 A C
>S512696 C T
>S512774 G A
>S512796 A G
>S512862 A T
>S512910 C A
>S512995 C G
>S513120 T G
>S513178 G C
>S513199 C T
>S513461 T G
>S513528 G A
>S513575 A G
>S513739 T G
>S513817 G A
>S513926 A C
>S513938 T C
>S513979 T C
>S514007 C A
>S514175 T C
>S514176 G T
>S514191 C A
>S514192 A T
>S514199 T A
>S514220 G T
>S514387 T A
>S514621 A T
>S514671 A T
>S514727 A C
>S514802 A G
>S514858 G C
>S514945 A T
>S514967 A G
>S515098 C T
>S515148 T C
>S515236 C T
>S515318 T G
>S515320 G A
>S515417 T A
>S515500 G C
>S515563 T C
>S515701 G C
>S515753 A T
>S515783 T A
>S515848 G C
>S515972 A G
>S516005 G A
>S516060 T A
>S516061 C T
>S516265 C G
>S516290 G C
>S516478 A G
>S516509 A G
>S516719 A G
>S516737 T C
>S516824 A C
>S516831 T G
>S516833 G A
>S516918 C A
>S516938 G C
>S516974 G A
>S516993 C G
>S517061 A C
>S517102 C A
>S517165 G C
>S517221 C T
>S517247 G T
>S517327 C A
>S517368 G T
>S517484 A T
>S517561 C G
>S517608 T A
>S517691 G C
>S517763 C G
>S517934 G C
>S517992 C A
>S518000 G A
>S518002 A G
>S518017 C G
>S518352 C A
>S518558 C G
>S518567 A C
>S518713 G T
>S518793 T C
>S518824 G C
>S518853 G T
>S519355 T C
>S519436 G T
>S519458 T A
>S519495 C A
>S519563 T C
>S519622 G A
>S519647 T G
>S519767 G T
>S519768 C G
>S519770 T A
>S519783 T G
>S519822 T A
>S519832 T A
>S519842 T C
>S519912 T A
>S520036 G C
>S520048 A T
>S520111 T C
>S520139 A T
>S520141 A C
>S520281 G A
>S520444 C G
>S520511 T C
>S520615 C G
>S520642 C G
>S520699 A G
>S520754 T A
>S520905 T C
>S520949 G T
>S521052 C G
>S521134 A T
>S521336 A T
>S521442 G A
>S521542 T A
>S521597 C A
>S521608 G A
>S521688 A T
>S521689 T C
>S521744 G C
>S521748 A T
>S521814 T C
>S521884 A C
>S522278 T G
>S522391 A C
>S522415 G T
>S522547 G A
>S522715 T C
>S522830 C T
>S522879 C T
>S523002 T A
>S523092 T A
>S523137 C G
>S523138 G C
>S523307 A G
>S523308 G T
>S523342 C A
>S523349 A T
>S523367 A G
>S523544 T C
>S523604 C G
>S523689 G A
>S523709 G C
>S523713 A C
>S523815 G T
>S523818 T C
>S523838 A T
>S523840 T C
>S523908 A T
>S523953 T G
>S524065 A G
>S524072 G A
>S524166 G A
>S524366 G A
>S524405 C A
>S524479 C T
>S524746 A G
>S524785 C A
>S524799 T A
>S524920 G C
>S524926 C A
>S525049 C T
>S525069 A G
>S525088 G T
>S525186 C G
>S525355 A G
>S525362 A G
>S525521 C T
>S525542 C G
>S525564 A T
>S525607 T A
>S525737 C A
>S525791 C A
>S525953 C T
>S526015 C A
>S526125 T A
>S526133 A C
>S526296 A C
>S526320 G T
>S526382 C G
>S526466 G C
>S526517 C G
>S526551 T A
>S526644 G T
>S526780 C T
>S526851 G A
>S526900 C T
>S526934 T A
>S527010 T A
>S527076 C T
>S527138 T C
>S527191 A C
>S527246 T A
>S527275 C T
>S527348 A C
>S527529 C A
>S527550 G C
>S527604 G A
>S527834 C G
>S527983 G A
>S528066 T A
>S528148 C G
>S528174 T C
>S528196 A C
>S528439 A G
>S528462 T A
>S528613 C A
>S528617 G T
>S528973 C A
>S528977 T G
>S529015 A T
>S529045 A G
>S529071 A G
>S529328 G C
>S529379 A T
>S529446 G C
>S529504 A G
>S529508 A T
>S529692 C T
>S529821 C T
>S529957 G T
>S530024 A T
>S530050 A C
>S530063 A T
>S530108 T A
>S530114 T A
>S530183 T C
>S530219 G C
>S530232 A G
>S530313 C T
>S530316 T G
>S530366 C G
>S530374 A G
>S530375 A T
>S530382 C T
>S530520 A T
>S530536 G A
>S530539 G A
>S530633 C G
>S530732 C A
>S530842 G C
>S530869 T A
>S530870 A T
>S530933 T C
>S530960 A T
>S530962 A G
>S531052 A C
>S531227 A C
>S531382 C A
>S531481 G T
>S531524 T C
>S531535 A T
>S531552 G C
>S531572 C T
>S531621 C G
>S531628 C T
>S531664 A T
>S531763 G C
>S531847 A G
>S531857 G T
>S531942 T G
>S532013 G A
>S532155 G C
>S532386 G T
>S532510 G A
>S532652 A G
>S532660 C G
>S532722 A G
>S532750 G C
>S532804 G C
>S532870 G T
>S532873 T G
>S532990 A C
>S533001 A G
>S533055 C A
>S533369 C A
>S533440 C A
>S533534 T G
>S533596 A C
>S533748 A G
>S533779 A G
>S533852 T C
>S534078 G C
>S534104 G T
>S534279 C G
>S534322 C A
>S534388 G A
>S534409 G T
>S534421 C T
>S534429 A G
>S534526 A G
>S534575 T C
>S534607 T C
>S534699 T A
>S534737 G A
>S534835 G A
>S534925 A T
>S535251 C A
>S535300 A G
>S535301 G A
>S535360 A T
>S535556 G A
>S535762 C T
>S535946 T G
>S535974 A T
>S535977 A T
>S536044 A G
>S536111 G C
>S536112 C T
>S536142 A C
>S536248 C G
>S536565 A G
>S536682 C A
>S536707 G T
>S536791 C A
>S536886 A T
>S537046 G C
>S537083 T G
>S537145 A T
>S537149 A T
>S537169 T G
>S537202 C G
>S537270 T G
>S537283 A G
>S537340 A G
>S537413 C A
>S537451 T G
>S537548 A T
>S537656 A C
>S537666 A T
>S537683 T C
>S537725 G A
>S537732 C T
>S537970 C T
>S538017 G C
>S538037 G A
>S538233 T G
>S538411 C T
>S538755 A C
>S538848 A G
>S538849 G A
>S538997 T C
>S539064 G C
>S539091 A C
>S539169 T C
>S539332 G T
>S539333 A C
>S539334 C G
>S539406 T A
>S539554 A G
>S539556 T C
>S539688 G T
>S539740 C A
>S539742 A G
>S539795 C T
>S539827 A T
>S539876 T C
>S539930 A T
>S540027 A C
>S540106 C G
>S540197 A G
>S540231 G T
>S540329 T A
>S540393 G T
>S540453 G C
>S540734 A G
>S541204 G T
>S541443 T G
>S541496 T G
>S541556 G C
>S541609 G C
>S541657 G A
>S541727 G T
>S541826 A C
>S541902 T C
>S542057 T A
>S542081 A T
>S542204 G A
>S542323 T A
>S542372 T C
>S542378 A G
>S542429 T A
>S542431 A T
>S542562 G A
>S542685 A C
>S542708 T A
>S542927 C A
>S543037 T A
>S543231 A G
>S543390 T C
>S543401 G C
>S543450 A T
>S543739 T G
>S543912 G T
>S544020 C T
>S544033 A C
>S544095 G C
>S544319 G C
>S544351 C G
>S544547 C T
>S544548 A G
>S544566 T G
>S544711 A T
>S544748 C A
>S544808 C G
>S544823 T G
>S544875 G A
>S545001 G T
>S545029 G A
>S545226 A T
>S545249 C A
>S545346 C T
>S545347 G C
>S545475 G T
>S545609 A C
>S545703 C A
>S545886 C G
>S545909 T C
>S545940 A G
>S546113 A C
>S546122 C A
>S546186 G C
>S546217 C A
>S546298 C G
>S546328 C A
>S546329 T A
>S546393 T C
>S546525 T G
>S546623 T G
>S546624 T A
>S546645 C G
>S546741 T G
>S546775 C A
>S546866 C A
>S547007 C A
>S547058 C T
>S547060 A G
>S547086 C A
>S547145 C A
>S547237 T G
>S547257 A G
>S547348 T C
>S547350 C T
>S547434 A T
>S547588 T C
>S547693 T G
>S547730 A T
>S547907 C A
>S548009 A G
>S548076 C A
>S548125 A T
>S548318 C A
>S548335 G A
>S548347 A T
>S548535 A G
>S548713 G A
>S548714 A G
>S548829 T C
>S548833 G T
>S548897 T C
>S548918 C G
>S548956 T G
>S549006 T G
>S549224 G C
>S549493 C T
>S549565 G A
>S549584 A C
>S549606 A C
>S549720 A T
>S549856 C A
>S549876 G T
>S549937 C G
>S550086 A T
>S550164 A C
>S550479 T G
>S550803 A T
>S550817 G A
>S550953 C A
>S551020 A G
>S551088 C G
>S551173 C T
>S551194 G T
>S551195 T G
>S551239 T C
>S551247 C T
>S551249 G A
>S551279 G T
>S551381 G C
>S551480 C T
>S551580 C G
>S551688 G A
>S551701 T A
>S551731 A T
>S551804 T A
>S551935 A G
>S551997 A C
>S552105 C T
>S552226 C G
>S552227 G A
>S552277 T A
>S552297 A G
>S552372 G T
>S552396 T A
>S552471 C A
>S552501 A C
>S552618 T A
>S552750 T G
>S552797 T C
>S552914 A G
>S552940 T C
>S552984 C T
>S552990 C A
>S553030 G C
>S553310 T G
>S553364 T G
>S553365 G A
>S553509 T C
>S553737 T G
>S553773 C A
>S554203 A T
>S554257 A C
>S554261 T A
>S554332 A T
>S554377 C A
>S554381 T G
>S554613 G A
>S554629 T A
>S554650 A G
>S554724 A G
>S554821 A G
>S554875 C T
>S554954 C G
>S554993 G C
>S555056 T G
>S555218 G T
>S555219 A C
>S555458 C T
>S555532 G A
>S555538 C A
>S555638 A G
>S555639 C A
>S555772 G T
>S555849 C A
>S555906 T C
>S555981 A T
>S556022 C T
>S556066 G A
>S556232 G C
>S556283 T G
>S556286 G T
>S556287 A G
>S556542 T G
>S556543 A C
>S556554 C T
>S556678 C G
>S556733 G T
>S556734 C G
>S556795 A C
>S556797 T C
>S557010 A T
>S557031 A C
>S557190 A C
>S557230 G C
>S557291 A G
>S557293 G A
>S557642 A T
>S557720 T C
>S557779 G T
>S557834 T A
>S557905 A T
>S557918 T C
>S558020 G T
>S558139 G T
>S558299 G C
>S558427 G T
>S558436 C T
>S558484 T G
>S558523 A C
>S558532 C G
>S558662 A T
>S558750 G T
>S558850 A C
>S558919 T G
>S558979 A C
>S559153 A T
>S559244 T C
>S559398 T G
>S559503 A C
>S559631 A T
>S559674 C T
>S559995 A C
>S560051 A G
>S560086 A T
>S560180 G C
>S560492 A G
>S560557 T A
>S560620 A C
>S560737 A C
>S560738 C G
>S560756 G T
>S560863 C A
>S561017 C G
>S561059 G C
>S561121 C T
>S561325 A G
>S561687 G C
>S561741 A G
>S561744 T A
>S561846 G C
>S561847 C T
>S562075 G T
>S562082 G C
>S562158 T G
>S562230 G T
>S562231 A C
>S562328 T G
>S562350 A C
>S562398 T G
>S562438 C T
>S562475 A G
>S562493 G T
>S562540 A C
>S562541 C A
>S562586 C A
>S562631 G A
>S562809 G T
>S562838 C A
>S562867 G A
>S562986 G A
>S563093 A T
>S563105 C A
>S563132 C T
>S563213 C A
>S563311 G A
>S563339 G C
>S563352 A G
>S563658 A G
>S563740 A T
>S563860 G T
>S563876 A G
>S563933 C G
>S564140 C T
>S564201 A G
>S564215 G T
>S564257 A T
>S564258 T C
>S564364 C G
>S564388 A C
>S564429 G T
>S564527 C T
>S564549 A G
>S564805 G C
>S564929 C T
>S564989 G C
>S565074 C A
>S565079 T G
>S565309 G A
>S565475 T G
>S565544 T G
>S565597 G C
>S565778 A G
>S565812 C A
>S565855 C G
>S565938 A T
>S565992 G T
>S566455 A C
>S566642 C T
>S566769 T C
>S566770 T A
>S566872 C A
>S566873 G T
>S567069 G T
>S567185 T A
>S567186 A T
>S567203 T G
>S567253 C G
>S567265 G A
>S567342 A T
>S567653 G A
>S567761 T G
>S567858 T G
>S568038 G C
>S568211 A G
>S568216 A C
>S568327 A G
>S568410 G C
>S568511 T G
>S568606 C A
>S568683 C T
>S568767 C T
>S568855 A C
>S568893 T A
>S569019 A G
>S569043 G T
>S569114 G A
>S569261 C G
>S569262 G C
>S569301 T G
>S569303 T C
>S569368 A G
>S569488 G C
>S569492 A G
>S569823 A G
>S569873 T A
>S570099 C G
>S570168 T C
>S570176 G C
>S570273 C G
>S570364 A C
>S570426 G A
>S570432 A T
>S570524 G T
>S570606 A G
>S570691 C G
>S570770 A T
>S570837 T C
>S570847 T G
>S570892 G A
>S570923 G A
>S571072 T G
>S571074 T C
>S571165 A G
>S571184 T G
>S571287 T C
>S571288 G T
>S571304 G T
>S571364 C T
>S571378 T A
>S571532 G T
>S571533 T C
>S571556 A G
>S571799 T C
>S571854 C G
>S571871 C A
>S572005 T C
>S572007 C T
>S572136 C G
>S572140 T C
>S572175 C A
>S572241 C T
>S572470 T G
>S572539 A C
>S572592 C T
>S572606 G A
>S572669 C G
>S572669 C A
>S572874 C G
>S572972 G T
>S572974 T A
>S573000 G T
>S573042 G A
>S573089 T G
>S573181 T C
>S573417 A C
>S573431 T G
>S573479 A T
>S573547 C G
>S573573 A C
>S573580 C G
>S573581 G C
>S573625 G A
>S573749 C A
>S573820 G C
>S573824 A C
>S573850 T G
>S573905 C A
>S573919 G C
>S574010 C G
>S574017 C G
>S574030 T G
>S574112 G T
>S574209 G C
>S574216 A C
>S574356 G A
>S574434 G A
>S574483 C A
>S574486 A T
>S574606 G C
>S574661 T A
>S574897 A T
>S574956 C T
>S574979 C A
>S575002 C G
>S575180 A C
>S575223 T C
>S575808 A G
>S576121 T A
>S576473 A C
>S576474 C A
>S576746 A G
>S576756 C A
>S576867 G T
>S576967 C T
>S576994 T A
>S577149 G A
>S577255 T G
>S577345 A G
>S577346 G A
>S577353 T C
>S577400 A G
>S577422 T A
>S577496 G T
>S577497 C G
>S577539 T C
>S577627 A T
>S577746 G T
>S577747 T G
>S577787 G T
>S578028 C A
>S578332 G A
>S578375 A G
>S578422 T C
>S578498 G C
>S578861 C T
>S578918 A T
>S579020 T A
>S579109 A C
>S579346 C A
>S579438 C T
>S579586 A G
>S579663 G T
>S579665 A T
>S579867 G C
>S580120 A G
>S580122 C A
>S580273 T G
>S580325 G C
>S580457 T A
>S580457 T C
>S580486 A T
>S580596 T C
>S580668 G A
>S580726 T C
>S580759 A T
>S580795 T C
>S580804 C A
>S581285 C G
>S581368 A G
>S581418 T C
>S581520 A G
>S581584 T G
>S581689 G T
>S581753 A G
>S581899 C T
>S581900 G C
>S581970 G A
>S581972 A G
>S582117 C T
>S582240 T G
>S582291 C G
>S582307 C G
>S582376 C A
>S582377 A T
>S582440 C A
>S582457 T C
>S582522 T C
>S582636 T A
>S582739 A T
>S582753 C G
>S582757 C T
>S582766 A C
>S582818 G C
>S582820 C A
>S583013 G C
>S583030 C A
>S583190 T A
>S583226 C T
>S583240 G T
>S583335 C A
>S583501 A T
>S583581 C G
>S583651 G T
>S583736 G C
>S583745 T C
>S583746 A T
>S583784 A C
>S583864 C G
>S583984 T C
>S584159 C G
>S584264 T G
>S584378 T G
>S584385 G C
>S584472 C G
>S584569 A T
>S584576 G T
>S584620 T A
>S584742 A G
>S584759 A T
>S584779 C G
>S584795 A C
>S585155 A G
>S585262 C T
>S585335 C G
>S585385 C A
>S585517 G A
>S585519 T G
>S585553 C T
>S585556 T G
>S585642 A C
>S585678 G C
>S585877 T C
>S585971 A T
>S586009 G C
>S586212 A G
>S586267 A T
>S586392 C T
>S586514 T A
>S586545 A C
>S586619 G A
>S586731 C T
>S586818 A G
>S586870 G T
>S586874 T G
>S587313 A C
>S587375 G T
>S587377 T A
>S587534 A T
>S587712 T C
>S587873 G C
>S587877 T G
>S587885 C T
>S588030 T G
>S588031 C T
>S588071 C T
>S588112 G A
>S588221 A G
>S588247 A G
>S588255 A G
>S588299 C A
>S588347 G T
>S588350 A G
>S588378 T C
>S588456 A G
>S588643 T C
>S588733 G C
>S588738 A T
>S588944 G T
>S588982 T G
>S589058 T A
>S589162 A C
>S589290 C G
>S589395 C G
>S589403 C G
>S589464 G C
>S589654 T G
>S589756 A G
>S589820 T A
>S590067 G C
>S590324 A G
>S590462 C T
>S590463 G C
>S590558 T C
>S590595 C G
>S590599 A G
>S590643 T A
>S590889 T A
>S590978 G T
>S590979 C G
>S591144 G A
>S591145 C G
>S591266 T A
>S591388 T A
>S591475 C A
>S591556 C T
>S591574 C T
>S591610 T G
>S591798 T C
>S591850 C G
>S591901 T G
>S592073 A T
>S592253 A G
>S592254 G A
>S592291 C T
>S592336 C T
>S592393 G A
>S592459 T G
>S592497 T G
>S592499 T A
>S592578 C T
>S592680 C A
>S592904 A T
>S593132 C T
>S593198 T A
>S593257 A C
>S593288 G T
>S593688 A G
>S593703 A G
>S593746 C G
>S593765 A G
>S593950 T C
>S594107 G A
>S594173 A G
>S594216 T A
>S594275 G T
>S594524 G A
>S594660 A T
>S594766 T A
>S594836 C T
>S594972 C G
>S595003 A T
>S595058 T G
>S595160 A C
>S595184 C G
>S595317 A T
>S595318 T C
>S595363 A G
>S595521 A G
>S595578 T A
>S595639 C A
>S595717 T A
>S595824 T G
>S595936 G T
>S596010 A C
>S596091 G A
>S596454 C T
>S596455 C T
>S596525 A C
>S596534 C G
>S596565 C G
>S596575 A G
>S596625 T G
>S596685 C A
>S596875 C G
>S597003 T C
>S597045 C A
>S597145 C T
>S597309 C G
>S597437 A C
>S597598 T A
>S597676 C G
>S597774 A C
>S597879 C A
>S597900 C T
>S597979 C G
>S598045 A G
>S598048 C T
>S598054 G A
>S598103 C T
>S598173 C T
>S598285 G C
>S598326 G T
>S598489 G T
>S598570 T A
>S598638 G A
>S598733 C G
>S598775 G T
>S598791 G C
>S598899 T G
>S598901 A T
>S598922 C A
>S598950 G T
>S598951 T G
>S598995 C T
>S599009 C G
>S599227 A C
>S599240 A G
>S599255 A T
>S599459 A T
>S599525 C A
>S599587 G C
>S599672 C G
>S599817 C A
>S599827 C T
>S599978 G C
>S599979 A G
>S600048 T G
>S600068 T C
>S600320 G T
>S600453 G T
>S600542 C A
>S600610 T C
>S600611 A T
>S600722 G A
>S600782 G A
>S600801 A G
>S600860 C G
>S600899 G A
>S601170 C A
>S601269 T G
>S601340 T C
>S601566 T G
>S601575 C G
>S601681 A G
>S601682 G C
>S601744 G T
>S601751 T A
>S601838 A T
>S601966 A G
>S601988 T G
>S602034 C G
>S602066 G T
>S602134 G T
>S602180 A T
>S602303 G C
>S602396 T A
>S602457 A C
>S602625 T G
>S602711 T C
>S602763 A T
>S602766 C G
>S602814 T A
>S602959 C A
>S603004 A C
>S603019 T C
>S603055 C A
>S603161 C A
>S603165 G C
>S603203 T C
>S603303 G T
>S603361 G C
>S603468 T G
>S603481 A T
>S603483 G T
>S603693 C G
>S603908 A G
>S603915 C G
>S603997 G T
>S604083 G A
>S604085 C A
>S604274 A G
>S604275 G A
>S604477 T G
>S604666 A G
>S604695 A C
>S604724 T C
>S604782 A G
>S604945 G A
>S605074 G C
>S605230 A T
>S605349 T G
>S605393 C T
>S605544 T C
>S605545 C G
>S605612 A G
>S605855 G T
>S605943 C T
>S606158 G A
>S606287 T C
>S606454 A C
>S606468 A G
>S606477 G A
>S606557 G A
>S606755 C A
>S606958 G A
>S607047 A T
>S607048 T A
>S607073 A T
>S607147 T G
>S607154 T A
>S607206 G A
>S607365 G A
>S607390 A C
>S607413 G C
>S607573 C G
>S607672 G C
>S607847 G C
>S607862 A G
>S607892 G C
>S608024 C G
>S608064 G A
>S608076 A G
>S608182 G C
>S608188 C G
>S608228 G C
>S608360 G T
>S608388 G A
>S608505 C G
>S608563 T C
>S608610 G C
>S608663 A C
>S608705 T C
>S608863 A C
>S608933 T G
>S609205 A T
>S609262 G C
>S609491 A G
>S609494 G A
>S609500 C T
>S609651 A G
>S609716 A C
>S609722 C G
>S609771 T A
>S609803 A T
>S609810 A C
>S609958 A C
>S610000 T C
>S610016 T G
>S610087 A G
>S610374 A T
>S610444 A G
>S610485 T C
>S610542 T A
>S610652 A T
>S610736 C A
>S610789 G T
>S610801 G C
>S610855 G A
>S610873 C T
>S610973 A T
>S610974 T A
>S611134 C T
>S611166 C T
>S611167 A G
>S611327 G T
>S611340 T G
>S611564 A C
>S611730 A C
>S611783 G T
>S611832 G A
>S611847 A T
>S612084 C G
>S612086 A T
>S612114 T C
>S612180 C A
>S612235 C G
>S612326 C T
>S612415 A C
>S612416 T A
>S612464 A G
>S612509 A T
>S612672 G A
>S612673 A G
>S612753 C G
>S612882 A G
>S612917 T G
>S613001 T A
>S613054 A G
>S613128 G C
>S613160 A C
>S613196 G A
>S613250 G T
>S613392 A T
>S613489 G C
>S613546 G C
>S613639 G C
>S613723 T A
>S613914 A C
>S613980 C T
>S614099 G C
>S614208 T C
>S614291 A G
>S614342 T A
>S614450 T A
>S614511 T G
>S614669 A C
>S614715 T A
>S614809 T G
>S614850 A C
>S615226 T C
>S615497 G T
>S615679 C G
>S615746 C T
>S615867 A T
>S615990 C G
>S616121 C T
>S616123 T G
>S616226 C T
>S616239 G T
>S616373 G C
>S616423 G T
>S616453 T A
>S616485 A G
>S616493 A C
>S616544 G T
>S616601 G A
>S616657 C T
>S616720 G C
>S616762 G A
>S616864 T C
>S616984 A T
>S617082 C G
>S617301 G T
>S617450 A C
>S617502 A C
>S617503 G A
>S617512 T A
>S617600 A G
>S617696 T A
>S617699 C G
>S617753 A G
>S617763 T G
>S617765 G C
>S617824 G T
>S617847 T G
>S618085 C A
>S618136 C G
>S618196 C A
>S618229 G C
>S618367 C G
>S618417 G A
>S618529 A T
>S618634 T C
>S618659 T G
>S618660 A T
>S618833 C G
>S619019 T G
>S619020 T G
>S619098 G C
>S619192 A C
>S619193 C A
>S619256 A G
>S619257 G A
>S619292 G T
>S619317 G A
>S619384 T A
>S619518 T A
>S619597 T C
>S619613 A C
>S619615 C T
>S619628 T A
>S619769 G T
>S619795 C G
>S619872 G T
>S619883 C A
>S619913 G A
>S620080 T A
>S620122 G T
>S620178 A C
>S620303 T A
>S620359 A C
>S620361 C G
>S620538 G T
>S620556 A T
>S620604 G C
>S620881 G T
>S620897 C G
>S620954 A G
>S620962 C T
>S620982 A C
>S621043 A T
>S621097 G T
>S621171 C A
>S621186 C G
>S621259 G C
>S621313 C T
>S621325 C T
>S621415 T G
>S621654 C A
>S621708 A T
>S621903 G C
>S621961 G T
>S622015 T C
>S622168 A C
>S622290 A C
>S622332 C G
>S622480 C G
>S622639 A C
>S622833 A C
>S623015 A C
>S623029 A G
>S623123 T G
>S623198 C T
>S623270 A C
>S623334 C T
>S623348 G A
>S623452 G A
>S623718 A T
>S623940 C G
>S624104 A G
>S624131 C G
>S624215 C G
>S624266 A G
>S624331 T A
>S624373 A T
>S624439 T G
>S624471 A T
>S624483 A C
>S624516 A G
>S624716 G C
>S624717 G C
>S624841 G C
>S624913 C A
>S624989 G A
>S625151 C G
>S625303 C G
>S625499 C G
>S625564 A C
>S625626 A G
>S625679 C T
>S625680 T A
>S626011 G C
>S626019 C T
>S626022 T A
>S626357 A C
>S626472 T C
>S626473 G T
>S626679 A C
>S626900 C T
>S627084 A T
>S627086 C G
>S627113 C T
>S627198 T C
>S627308 T C
>S627318 A G
>S627484 T G
>S627624 G C
>S627756 G A
>S627790 T G
>S627981 G T
>S627994 C G
>S628056 C G
>S628057 C G
>S628123 T C
>S628142 A G
>S628150 A T
>S628219 C A
>S628288 G C
>S628421 T G
>S628425 T A
>S628427 T G
>S628585 C T
>S628637 G A
>S628667 G T
>S628760 A G
>S628845 A G
>S628885 C T
>S628945 G C
>S629056 G T
>S629115 A C
>S629223 C G
>S629224 G A
>S629278 T G
>S629364 A G
>S629533 C A
>S629661 A C
>S629735 C G
>S629762 A T
>S629836 T C
>S629866 G A
>S629932 C A
>S629947 T G
>S630038 C A
>S630180 C A
>S630397 G T
>S630466 C T
>S630638 C G
>S630749 C A
>S630813 A T
>S630852 A G
>S630972 A T
>S631066 A C
>S631214 T A
>S631285 G C
>S631299 G C
>S631362 G T
>S631393 A C
>S631425 G A
>S631454 A T
>S631553 A T
>S631645 A T
>S631696 C A
>S631936 A C
>S631971 C T
>S631999 C A
>S632095 T C
>S632113 C T
>S632222 A C
>S632302 C A
>S632365 C A
>S632469 G C
>S632825 G A
>S632945 A G
>S632998 G A
>S633079 T G
>S633162 A C
>S633187 A T
>S633260 T C
>S633335 C T
>S633339 A G
>S633341 G A
>S633424 A G
>S633484 G A
>S633611 C G
>S633790 C T
>S633852 A G
>S633853 G C
>S633882 T C
>S634070 T G
>S634096 C A
>S634137 A G
>S634236 G C
>S634281 T C
>S634303 A C
>S634422 G C
>S634502 G C
>S634574 G C
>S634621 G A
>S634801 C T
>S634864 A G
>S634900 A C
>S635000 A G
>S635131 C T
>S635211 G T
>S635334 C A
>S635337 T C
>S635456 C A
>S635457 A G
>S635465 A G
>S635687 G A
>S635718 G A
>S635801 A C
>S635910 C A
>S635951 G A
>S635995 G A
>S636053 A G
>S636111 A C
>S636177 T G
>S636272 T C
>S636341 G C
>S636381 G T
>S636453 T C
>S636464 G T
>S636465 T G
>S636495 T G
>S636555 T G
>S636665 C A
>S636794 A G
>S636887 A G
>S636948 C T
>S636950 T C
>S636952 A G
>S637091 C A
>S637126 C G
>S637163 C G
>S637196 T A
>S637337 C G
>S637355 A C
>S637358 G A
>S637370 C A
>S637424 G T
>S637511 G C
>S637512 C G
>S637516 C A
>S637562 G C
>S637639 C G
>S637790 G C
>S637852 G C
>S637912 T A
>S638238 A C
>S638244 A T
>S638327 G A
>S638348 C G
>S638464 T G
>S638537 G T
>S638918 T G
>S639033 G A
>S639037 G T
>S639045 T G
>S639075 G C
>S639157 T G
>S639158 G T
>S639183 G A
>S639296 T C
>S639308 C A
>S639410 C G
>S639627 G A
>S639672 A C
>S639967 G A
>S640037 A T
>S640196 C G
>S640377 G C
>S640485 A C
>S640567 T G
>S640660 C A
>S640675 C A
>S640740 T G
>S640835 G T
>S640997 T G
>S640998 G A
>S641087 A C
>S641088 A G
>S641102 T A
>S641103 A C
>S641215 G C
>S641387 A C
>S641494 T G
>S641580 G A
>S641702 T C
>S641829 C A
>S641940 G C
>S641974 A C
>S642022 C G
>S642151 G T
>S642183 C T
>S642249 A T
>S642400 T G
>S642495 A G
>S642497 C G
>S642606 C A
>S642615 G A
>S642658 G C
>S642726 A G
>S642836 T C
>S643000 G C
>S643006 C G
>S643117 A T
>S643118 T C
>S643217 C A
>S643336 A T
>S643571 G C
>S643572 T G
>S643670 G C
>S643671 C A
>S643681 G T
>S643722 G A
>S643790 G T
>S643855 G T
>S643911 T A
>S644118 C A
>S644123 T A
>S644243 T A
>S644254 T C
>S644323 A T
>S644521 G T
>S644621 T C
>S644696 T C
>S644715 C T
>S644800 C A
>S644817 G C
>S645038 G T
>S645133 T C
>S645201 T G
>S645257 T C
>S645384 T G
>S645521 T C
>S645568 C T
>S645609 C A
>S645610 A C
>S645640 G A
>S645700 T A
>S645746 C G
>S645848 G C
>S645871 T G
>S645873 T G
>S646008 T C
>S646044 A T
>S646118 T A
>S646430 G C
>S646432 G C
>S646460 T C
>S646472 A T
>S646496 C T
>S646706 G A
>S646793 C G
>S646975 G C
>S647166 A T
>S647191 A C
>S647217 C G
>S647317 A G
>S647382 A C
>S647420 G C
>S647636 T C
>S647662 A T
>S647763 C T
>S647920 G A
>S647988 T C
>S647998 C A
>S648056 T G
>S648062 T G
>S648118 A G
>S648156 A C
>S648169 A T
>S648284 T A
>S648350 T A
>S648387 T A
>S648409 A C
>S648559 C G
>S648628 C G
>S648675 G T
>S648731 C A
>S648838 C A
>S648941 G A
>S648950 C A
>S648997 A C
>S649047 A T
>S649095 A C
>S649096 C A
>S649180 C A
>S649182 G A
>S649323 T A
>S649328 C G
>S649418 A C
>S649476 T A
>S649633 A C
>S649778 T A
>S649886 A T
>S649930 A G
>S649935 A G
>S650062 C T
>S650075 T A
>S650126 A C
>S650288 A C
>S650393 T A
>S650410 G T
>S650454 T C
>S650727 C G
>S650894 G A
>S651021 T G
>S651022 A G
>S651203 G T
>S651340 A G
>S651389 G A
>S651491 C T
>S651500 C T
>S651602 A G
>S651769 T A
>S651805 G T
>S651844 T C
>S651872 G C
>S652000 T G
>S652203 G A
>S652256 T G
>S652339 A T
>S652409 A G
>S652501 C G
>S652595 G T
>S652691 G C
>S652752 T G
>S652777 T A
>S652820 G T
>S652857 C T
>S652876 C T
>S653121 A G
>S653167 T C
>S653228 A T
>S653404 C T
>S653434 T A
>S653528 A C
>S653822 A T
>S653865 G T
>S653891 C G
>S654261 G T
>S654391 T G
>S654462 T C
>S654552 C G
>S654594 T A
>S654633 C A
>S654859 T A
>S655044 T A
>S655092 C A
>S655180 C T
>S655356 A T
>S655522 G T
>S655563 C A
>S655649 G A
>S655723 C G
>S655765 G A
>S656052 A C
>S656103 C G
>S656137 G C
>S656215 G T
>S656291 G C
>S656388 T G
>S656646 A C
>S656728 A G
>S656816 C G
>S656872 A G
>S656899 A G
>S656959 C T
>S657095 G T
>S657145 C A
>S657156 T A
>S657234 T A
>S657310 G A
>S657398 T G
>S657633 C T
>S657769 G T
>S657800 T C
>S657878 G T
>S657937 A G
>S658092 T G
>S658118 A T
>S658180 A T
>S658286 G A
>S658310 C G
>S658373 G C
>S658532 T A
>S658558 T C
>S658617 T C
>S658709 C T
>S658824 T G
>S658897 A G
>S659009 G A
>S659063 G T
>S659320 G T
>S659337 G C
>S659399 A C
>S659439 T G
>S659613 A C
>S659614 C A
>S659675 C T
>S659768 T G
>S659876 G A
>S659954 C A
>S660012 G A
>S660036 A T
>S660065 C T
>S660078 G T
>S660177 T A
>S660373 T C
>S660636 A T
>S660726 T A
>S660787 T G
>S660879 A G
>S660991 T A
>S660993 G T
>S661045 A T
>S661047 C G
>S661330 T C
>S661395 T G
>S661396 G T
>S661428 G A
>S661480 A G
>S661629 A G
>S661640 T G
>S661914 C G
>S662091 A C
>S662138 C T
>S662544 A T
>S662772 G C
>S662869 G T
>S662929 C T
>S662989 G A
>S663109 T A
>S663187 A C
>S663264 G T
>S663338 C G
>S663393 G T
>S663471 C A
>S663548 A G
>S663726 A G
>S663730 A C
>S663731 G C
>S663818 T A
>S663866 C A
>S663893 A G
>S663911 C G
>S663914 G C
>S664186 C A
>S664192 A T
>S664310 G A
>S664458 C A
>S664522 A T
>S664540 C T
>S664615 A C
>S664616 C A
>S664634 T C
>S664693 G C
>S664715 G T
>S664867 C T
>S665116 G C
>S665225 T A
>S665239 A T
>S665305 A G
>S665506 G A
>S665580 T G
>S665582 C A
>S665696 T C
>S665836 G C
>S665839 C T
>S665876 C A
>S665879 T A
>S665975 G A
>S666044 C G
>S666092 A T
>S666276 G A
>S666484 T C
>S666596 G T
>S666599 T A
>S666709 T A
>S666817 A G
>S666906 G A
>S666971 A T
>S667151 C T
>S667193 T G
>S667387 C T
>S667695 T C
>S667732 C T
>S667813 T C
>S668051 A C
>S668227 A G
>S668249 G C
>S668414 A C
>S668442 T C
>S668507 C G
>S668641 T C
>S668741 G T
>S668777 T C
>S668841 C A
>S668910 T A
>S668986 G C
>S668990 T A
>S669067 C A
>S669087 T C
>S669232 G A
>S669332 A G
>S669347 A T
>S669437 A T
>S669438 C A
>S669470 T C
>S669526 T C
>S669535 G C
>S669571 C T
>S669718 T A
>S669841 T A
>S669919 A G
>S670159 A G
>S670360 T A
>S670391 C T
>S670415 C T
>S670514 T A
>S670630 C T
>S670647 T C
>S670662 T C
>S670841 A G
>S670986 A G
>S671066 T A
>S671142 T A
>S671311 G A
>S671363 T A
>S671368 G C
>S671452 C T
>S671593 T A
>S671617 C G
>S671662 C T
>S671663 T C
>S671664 A C
>S671746 T A
>S671833 C T
>S671889 A C
>S671891 A T
>S671951 G A
>S672115 C G
>S672263 A T
>S672276 G A
>S672293 G A
>S672329 A G
>S672575 T C
>S672673 G T
>S672812 A T
>S673107 A T
>S673283 T A
>S673431 C T
>S673497 A C
>S673516 G A
>S673846 C T
>S673993 T C
>S674176 A G
>S674178 G C
>S674236 A C
>S674512 A T
>S674562 G C
>S674715 T G
>S674782 T C
>S674836 C G
>S674871 G C
>S674945 C A
>S675048 A C
>S675197 T G
>S675198 G A
>S675431 A G
>S675439 C A
>S675485 T G
>S675569 T A
>S675991 T C
>S676019 A T
>S676079 G C
>S676394 A T
>S676406 A G
>S676540 C A
>S676578 C A
>S676723 C G
>S676909 C G
>S677118 C A
>S677122 C G
>S677179 C A
>S677180 A G
>S677330 C A
>S677351 A C
>S677386 C A
>S677451 G C
>S677536 G A
>S677562 T A
>S677606 A G
>S677617 T A
>S677725 G T
>S677794 G A
>S677809 T G
>S677942 T A
>S677952 G T
>S678001 A T
>S678002 T G
>S678066 C A
>S678069 A T
>S678121 G C
>S678235 G T
>S678461 T A
>S678512 G T
>S678606 A G
>S678608 C A
>S678662 C T
>S678695 C T
>S678880 G T
>S678908 G C
>S679034 G A
>S679434 G C
>S679563 T G
>S679604 G A
>S679677 C G
>S679681 A G
>S679754 C A
>S679756 T A
>S679862 C T
>S679952 G A
>S680026 T C
>S680129 A C
>S680169 A T
>S680350 G C
>S680414 T G
>S680634 C A
>S680728 A G
>S680816 C G
>S680889 T A
>S681019 G C
>S681033 G A
>S681116 A C
>S681249 A T
>S681282 C T
>S681577 T G
>S681621 C T
>S681704 T A
>S681846 G C
>S681916 A C
>S681967 T C
>S682187 C T
>S682188 T G
>S682218 A G
>S682316 T G
>S682745 A G
>S682748 A G
>S682833 C A
>S682892 T A
>S682913 T G
>S683002 G C
>S683058 A T
>S683060 A C
>S683135 A G
>S683198 T A
>S683199 C T
>S683327 A G
>S683424 A T
>S683483 A C
>S683544 G C
>S683574 T C
>S683691 A G
>S683857 A G
>S683886 A G
>S684095 A G
>S684122 T C
>S684218 T C
>S684219 T A
>S684256 G C
>S684375 G A
>S684591 A G
>S684742 G T
>S684745 A G
>S684781 C T
>S684876 T A
>S685065 A C
>S685068 C G
>S685130 G A
>S685195 G T
>S685214 T A
>S685445 T G
>S685446 G C
>S685458 G C
>S685553 A C
>S685555 C G
>S685593 A T
>S685697 A C
>S685843 T C
>S685854 T A
>S686061 C A
>S686158 G A
>S686166 C G
>S686379 C T
>S686560 T G
>S686684 A G
>S686821 C A
>S686923 T G
>S686928 C A
>S686936 G C
>S687038 G C
>S687060 T A
>S687085 A T
>S687178 G A
>S687299 C G
>S687579 A T
>S687630 G C
>S687634 T C
>S687749 C A
>S687908 A C
>S688041 T C
>S688109 A G
>S688211 T A
>S688551 A G
>S688601 C A
>S688688 C A
>S688812 G A
>S688827 G C
>S688915 G A
>S688916 A T
>S688956 G T
>S688961 A G
>S688962 T A
>S688984 A T
>S689067 G C
>S689353 A C
>S689600 G A
>S689744 C T
>S689808 T C
>S689820 A C
>S689901 A C
>S690098 A T
>S690186 A C
>S690195 A T
>S690256 G T
>S690287 A T
>S690303 T A
>S690406 A C
>S690646 T C
>S690673 A C
>S690757 C G
>S690809 A T
>S690986 G T
>S691007 T G
>S691111 G T
>S691214 A T
>S691245 C A
>S691329 G T
>S691387 T A
>S691436 C G
>S691574 A C
>S691628 C A
>S691665 G A
>S691797 A C
>S691878 A T
>S691940 T G
>S692055 A G
>S692095 A C
>S692123 G T
>S692168 C T
>S692234 G A
>S692235 A G
>S692261 G T
>S692371 C A
>S692449 A T
>S692464 G T
>S692483 G C
>S692558 A T
>S692703 A C
>S692747 G C
>S692802 G T
>S692860 C G
>S693028 T C
>S693104 T G
>S693254 A C
>S693295 T G
>S693362 A G
>S693380 T G
>S693465 A T
>S693467 T A
>S693469 A C
>S693485 G A
>S693645 A T
>S693650 G T
>S693832 A T
>S693906 G T
>S694010 C A
>S694017 A G
>S694180 G A
>S694208 A T
>S694267 T A
>S694280 C T
>S694343 G A
>S694373 G T
>S694514 C A
>S694537 G C
>S694718 C A
>S694720 C G
>S694781 A T
>S694916 G T
>S695122 C G
>S695309 T G
>S695310 C A
>S695348 T C
>S695404 G A
>S695417 T G
>S695501 T A
>S695656 C T
>S695740 C T
>S695783 C G
>S696001 C A
>S696002 A C
>S696040 C G
>S696157 A G
>S696230 C T
>S696240 G T
>S696329 T A
>S696396 G A
>S696398 C T
>S696506 C A
>S696510 A G
>S696511 C G
>S696532 A G
>S696630 C A
>S696640 G A
>S696691 A T
>S696771 C G
>S696865 C T
>S696893 C A
>S697094 A C
>S697186 T A
>S697206 C T
>S697248 C G
>S697346 C G
>S697401 G T
>S697405 G T
>S697495 A C
>S697598 T C
>S697599 T A
>S697627 G A
>S697682 T G
>S697810 G A
>S697819 C A
>S697835 C T
>S697859 T G
>S697989 A T
>S698059 C A
>S698104 A C
>S698116 T C
>S698155 A C
>S698168 A C
>S698256 T C
>S698257 G A
>S698292 A G
>S698293 A T
>S698645 A G
>S698742 T C
>S698754 T A
>S698825 C G
>S698858 G C
>S698938 G A
>S699171 A C
>S699173 C T
>S699214 T G
>S699219 A T
>S699323 G A
>S699517 A C
>S699640 C G
>S699696 A G
>S699886 A G
>S699980 T A
>S699996 C T
>S700109 A C
>S700166 G C
>S700173 A C
>S700237 C T
>S700314 G C
>S700317 T G
>S700339 T G
>S700530 T A
>S700548 T G
>S700611 T G
>S700689 C G
>S700868 G A
>S700870 T G
>S700920 C T
>S700922 T G
>S701039 A T
>S701210 A C
>S701229 C T
>S701261 T C
>S701334 G T
>S701443 G A
>S701511 G T
>S701514 T A
>S701615 G T
>S701720 G A
>S701795 C T
>S701796 C A
>S701797 A T
>S701870 A G
>S702066 T A
>S702275 G C
>S702426 G A
>S702795 A G
>S702899 A C
>S703114 C T
>S703242 C G
>S703301 T A
>S703304 G T
>S703330 C A
>S703449 T G
>S703713 T G
>S703756 C A
>S703820 A T
>S703948 A G
>S704014 C G
>S704122 G C
>S704163 A T
>S704297 G T
>S704300 T G
>S704432 A C
>S704537 C A
>S704576 G T
>S704625 A T
>S704870 C G
>S705022 C A
>S705080 G A
>S705183 T A
>S705274 C T
>S705277 A G
>S705280 C G
>S705292 T C
>S705350 T A
>S705351 A T
>S705384 A C
>S705575 A C
>S705576 C A
>S705610 A C
>S705730 G T
>S705746 C G
>S705818 A T
>S705904 G A
>S705907 T A
>S705988 T G
>S706139 C T
>S706150 G A
>S706306 T A
>S706437 C G
>S706439 T G
>S706541 G C
>S706697 A T
>S706781 C A
>S706857 G T
>S706900 G A
>S706909 G T
>S706947 G C
>S706964 A C
>S706983 A T
>S707041 G T
>S707099 C A
>S707349 G A
>S707361 G T
>S707364 C G
>S707416 T C
>S707465 T A
>S707491 G A
>S707658 C A
>S707849 G T
>S707851 G A
>S707924 T A
>S707986 T G
>S708040 T C
>S708131 C A
>S708239 A C
>S708304 T C
>S708627 T G
>S708666 C G
>S708935 G T
>S709016 A C
>S709205 T A
>S709256 G T
>S709263 C G
>S709290 C G
>S709357 T A
>S709551 G C
>S709625 C A
>S709646 G T
>S709675 T G
>S709692 G A
>S709724 G A
>S709806 T A
>S709830 A G
>S710237 A G
>S710288 G A
>S710392 A G
>S710582 G A
>S710628 A T
>S710662 G C
>S710806 C G
>S710930 G T
>S711007 C G
>S711057 T C
>S711108 C A
>S711265 T A
>S711266 C A
>S711339 A T
>S711374 G T
>S711405 A T
>S711560 A G
>S711573 C G
>S711671 C G
>S711727 T G
>S711815 T A
>S711936 T G
>S711937 A T
>S711945 A G
>S712019 G C
>S712099 A C
>S712192 C A
>S712550 C T
>S712551 C G
>S712569 T C
>S712604 G T
>S712690 T A
>S712804 A C
>S712816 C A
>S712954 C A
>S712956 A G
>S712979 A T
>S713051 T G
>S713053 G C
>S713087 T C
>S713174 A C
>S713224 T C
>S713407 A T
>S713475 C A
>S713538 T A
>S713637 T A
>S713691 A C
>S713766 G T
>S713767 A G
>S713925 G T
>S714004 G C
>S714034 T A
>S714130 A G
>S714226 T C
>S714245 T C
>S714302 C A
>S714335 A T
>S714404 T A
>S714759 A G
>S714760 T A
>S714849 G C
>S714939 A T
>S714994 T C
>S715203 G C
>S715250 G A
>S715391 A T
>S715567 T C
>S715630 T C
>S715857 G A
>S715934 C T
>S716054 C G
>S716129 C A
>S716354 G T
>S716472 C T
>S716516 A G
>S716530 G C
>S716593 A C
>S716788 C T
>S716934 G T
>S717052 A C
>S717166 T G
>S717259 C G
>S717302 G T
>S717360 G T
>S717432 G C
>S717515 A G
>S717541 T A
>S717665 C T
>S717669 T G
>S717829 C T
>S717854 G A
>S717925 T A
>S718044 A C
>S718139 T C
>S718159 C T
>S718203 G A
>S718358 T C
>S718367 C T
>S718368 C A
>S718438 T G
>S718439 G T
>S718487 A C
>S718506 A C
>S718646 C G
>S718717 T A
>S718779 T G
>S718797 T G
>S718830 C A
>S718875 G T
>S718939 G A
>S719269 G A
>S719384 A C
>S719427 C G
>S719522 G T
>S719552 G T
>S719616 A G
>S719715 A T
>S719782 T G
>S719889 T G
>S719906 A C
>S720039 T C
>S720367 G A
>S720370 G T
>S720414 G T
>S720466 T C
>S720507 A G
>S720590 C A
>S720597 C T
>S720660 G T
>S720798 A G
>S720853 A T
>S720906 T A
>S721049 G T
>S721091 T A
>S721143 G A
>S721145 A T
>S721250 A T
>S721319 G A
>S721403 C T
>S721475 T A
>S721491 A G
>S721542 C A
>S721543 A C
>S721557 G C
>S721657 A G
>S721742 G T
>S721756 G A
>S721909 C G
>S722091 G T
>S722153 T G
>S722156 G A
>S722183 C T
>S722236 T A
>S722316 A T
>S722377 A G
>S722458 C T
>S722502 T C
>S722598 T G
>S722632 T A
>S722847 A G
>S722853 T C
>S722919 T A
>S723045 A T
>S723046 T A
>S723289 C G
>S723347 A T
>S723358 A T
>S723411 G C
>S723505 G T
>S723561 T G
>S723706 A C
>S723806 A C
>S723962 C G
>S724095 A G
>S724113 C G
>S724314 A T
>S724318 G A
>S724508 G A
>S724550 T G
>S724585 A C
>S724692 G T
>S724872 T C
>S725025 C A
>S725056 T G
>S725079 G T
>S725166 T A
>S725251 T C
>S725370 G C
>S725403 C A
>S725405 C A
>S725445 C A
>S725468 A G
>S725520 T A
>S725817 G T
>S725818 T C
>S725919 A T
>S725927 T G
>S725996 T A
>S726079 T A
>S726095 G A
>S726411 T G
>S726630 T C
>S726679 A T
>S726813 T G
>S726839 G A
>S727067 C T
>S727078 C G
>S727212 C T
>S727246 T C
>S727366 G A
>S727436 G T
>S727532 C G
>S727817 G C
>S727867 G A
>S727869 C T
>S727951 A C
>S727953 C A
>S727990 A T
>S728079 C A
>S728162 A C
>S728295 C A
>S728333 C T
>S728420 G A
>S728573 A C
>S728578 A C
>S728586 A G
>S728703 A G
>S728704 C A
>S728866 G T
>S728871 G A
>S728948 C T
>S728963 G C
>S728980 C G
>S729023 T G
>S729053 T G
>S729071 A G
>S729249 G C
>S729419 A G
>S729662 C G
>S729820 A G
>S729850 T A
>S729859 C A
>S729975 T A
>S729989 G T
>S730128 C G
>S730391 G C
>S730406 G C
>S730481 G T
>S730568 C T
>S730719 T A
>S730800 T C
>S730849 G C
>S730982 G C
>S730992 G A
>S731139 C A
>S731271 A C
>S731333 T A
>S731358 C G
>S731439 A T
>S731462 G C
>S731586 G T
>S731637 T C
>S731699 A G
>S731701 G T
>S731703 G A
>S731782 A C
>S731784 T A
>S731796 T C
>S731872 A G
>S732087 G C
>S732094 C G
>S732174 A T
>S732223 A G
>S732242 A T
>S732325 C T
>S732374 A C
>S732421 C A
>S732547 C G
>S732616 A T
>S732874 G C
>S732887 C A
>S732897 A T
>S733010 G T
>S733047 T C
>S733117 G A
>S733140 A C
>S733217 A G
>S733378 A C
>S733441 T A
>S733487 A G
>S733535 A T
>S733539 T A
>S733649 G C
>S733678 A G
>S733691 A T
>S733990 G A
>S734014 T A
>S734249 A T
>S734283 A C
>S734333 T G
>S734343 A T
>S734420 T A
>S734421 A C
>S734482 C A
>S734608 G T
>S734673 C A
>S734774 C T
>S735315 T G
>S735556 A C
>S735643 C G
>S735706 T G
>S735959 A C
>S736019 T C
>S736073 G T
>S736074 T A
>S736264 C A
>S736280 C A
>S736340 T C
>S736598 C G
>S736642 T G
>S736662 T A
>S736738 C T
>S736739 T C
>S736753 T A
>S736754 A T
>S736828 T A
>S736831 A C
>S737214 A G
>S737251 G A
>S737629 C T
>S737759 G A
>S737881 T G
>S738056 A G
>S738210 C G
>S738211 G C
>S738283 G A
>S738387 G C
>S738664 A C
>S738701 A C
>S738807 C G
>S738811 T C
>S738876 G T
>S738901 G C
>S739005 T C
>S739037 A G
>S739125 C A
>S739181 G C
>S739199 A T
>S739282 C T
>S739283 T C
>S739320 T C
>S739327 C G
>S739389 T C
>S739779 T C
>S739790 T C
>S739839 A T
>S739890 A G
>S739891 G C
>S739925 T C
>S739931 T C
>S739959 T C
>S740133 T G
>S740311 T A
>S740406 A G
>S740495 T A
>S740496 A T
>S740507 T A
>S740550 T C
>S740718 C G
>S740878 A C
>S740991 G T
>S741160 C G
>S741206 C A
>S741328 A T
>S741333 G A
>S741389 C A
>S741522 A T
>S741523 T A
>S741591 T C
>S741655 T G
>S741946 T G
>S742050 C T
>S742059 A G
>S742117 G C
>S742252 G C
>S742319 C T
>S742415 A T
>S742418 T A
>S742521 A T
>S742553 C T
>S742614 G C
>S742616 T C
>S742714 A C
>S742896 G A
>S742983 C A
>S743198 G C
>S743241 C A
>S743252 G T
>S743366 A T
>S743420 C A
>S743492 C A
>S743547 C G
>S743625 A T
>S743661 G A
>S743732 C G
>S743899 C G
>S744182 G T
>S744301 T C
>S744393 C A
>S744481 G T
>S744495 A C
>S744497 T C
>S744512 G A
>S744601 G A
>S744659 C G
>S744728 C T
>S744734 A T
>S744759 T C
>S744765 C T
>S744890 C T
>S744891 G C
>S744933 C G
>S745009 A G
>S745065 G C
>S745122 A G
>S745123 C A
>S745155 G T
>S745183 G T
>S745186 A C
>S745260 C A
>S745326 C A
>S745340 G T
>S745361 T C
>S745481 A G
>S745543 T A
>S745545 G T
>S745568 T A
>S745834 G A
>S745889 T G
>S745892 A T
>S746109 T A
>S746110 A G
>S746240 C G
>S746314 T C
>S746356 A C
>S746399 C A
>S746529 T C
>S746552 T A
>S746607 C A
>S746650 G T
>S746848 T A
>S746849 G C
>S746850 C G
>S746885 T C
>S746940 C A
>S746965 C G
>S747098 C T
>S747177 T G
>S747267 T G
>S747268 A T
>S747318 C A
>S747488 A T
>S747489 G A
>S747584 T G
>S747658 A C
>S747696 T G
>S747813 T C
>S747815 A T
>S747923 C A
>S748064 A T
>S748067 C G
>S748115 C T
>S748119 G A
>S748276 T G
>S748436 G C
>S748614 G A
>S748651 G T
>S748760 A T
>S748907 G C
>S748911 T A
>S748962 T C
>S749101 G T
>S749138 G A
>S749251 C T
>S749259 T A
>S749354 C T
>S749429 G A
>S749515 A C
>S749558 A T
>S749635 G C
>S749669 C G
>S749691 C G
>S749718 G T
>S749844 A C
>S749903 G C
>S749916 T G
>S750046 A T
>S750056 T G
>S750151 A C
>S750242 A T
>S750243 T A
>S750340 A G
>S750372 T G
>S750473 A C
>S750483 A G
>S750576 C T
>S750745 T C
>S750805 G C
>S750925 T C
>S750978 G A
>S751023 A T
>S751076 T G
>S751159 A G
>S751274 T G
>S751397 G C
>S751452 G A
>S751611 C G
>S751662 C A
>S751663 G T
>S751818 A G
>S751964 A C
>S751967 C T
>S752046 C G
>S752136 G C
>S752155 C A
>S752228 A T
>S752297 G C
>S752348 C A
>S752419 G A
>S752547 T C
>S752670 T C
>S752672 A T
>S752674 T A
>S752714 A T
>S752863 T A
>S752895 T A
>S753003 G C
>S753035 A T
>S753113 A T
>S753201 C A
>S753251 G A
>S753305 A G
>S753360 T C
>S753368 A G
>S753631 G C
>S753972 T A
>S754074 G T
>S754111 C G
>S754263 G A
>S754278 T A
>S754409 A T
>S754411 C T
>S754432 T G
>S754443 T A
>S754513 T A
>S754521 A C
>S754570 T G
>S754660 T C
>S754677 C T
>S754767 T C
>S754886 G A
>S754895 G C
>S755061 C T
>S755201 C T
>S755226 C T
>S755442 A C
>S755460 C G
>S755532 G A
>S755733 G C
>S756061 G A
>S756063 A G
>S756180 C T
>S756241 T C
>S756272 C T
>S756549 G C
>S756567 G C
>S756673 A T
>S756720 A T
>S756722 C A
>S756789 T C
>S756817 A C
>S756839 A C
>S756861 G A
>S757124 T C
>S757209 C G
>S757269 G A
>S757342 C A
>S757409 G C
>S757551 C G
>S757696 G T
>S757745 A T
>S757787 C A
>S757838 G A
>S757893 T G
>S757964 G C
>S758042 T C
>S758390 C G
>S758393 C A
>S758445 G C
>S758531 C G
>S758550 G C
>S758650 C A
>S758712 A G
>S758758 T C
>S758797 T A
>S758896 G C
>S758909 G T
>S759056 C T
>S759088 T C
>S759094 T G
>S759138 T A
>S759139 T A
>S759177 A C
>S759197 G A
>S759339 T G
>S759381 A G
>S759402 T C
>S759449 A T
>S759548 C T
>S759578 T A
>S759579 A T
>S759669 G A
>S759673 T C
>S759718 C A
>S759727 A G
>S759773 T G
>S759857 T C
>S759884 T C
>S760009 G T
>S760010 A T
>S760217 C G
>S760327 A T
>S760349 T G
>S760488 T A
>S760538 C A
>S760718 A T
>S760790 A G
>S760827 C A
>S761490 C T
>S761493 C G
>S761559 C T
>S761561 G T
>S761616 A C
>S761618 C T
>S761708 C G
>S761805 A G
>S761902 C G
>S761947 C T
>S761970 A G
>S762132 A G
>S762276 C G
>S763116 C A
>S763178 T A
>S763179 G T
>S763230 G C
>S763322 G C
>S763565 G T
>S763682 T A
>S763686 C T
>S763784 G T
>S763826 C G
>S763991 G A
>S764205 C A
>S764226 G A
>S764285 C T
>S764368 G A
>S764438 G A
>S764521 A G
>S764531 C A
>S764574 A T
>S764733 A T
>S764734 T G
>S764736 A G
>S764802 A G
>S764814 C G
>S765058 C A
>S765088 A T
>S765148 G C
>S765263 G A
>S765372 C T
>S765454 C G
>S765510 C T
>S765845 G C
>S765995 T A
>S766299 T G
>S766377 T G
>S766447 C A
>S766458 T C
>S766553 T A
>S766574 T G
>S766576 A T
>S766651 C G
>S766652 G A
>S766727 A T
>S766759 G C
>S766910 G A
>S767082 A C
>S767100 C T
>S767215 A C
>S767264 G C
>S767318 G C
>S767377 A G
>S767475 C A
>S767490 G C
>S767500 G A
>S767591 A G
>S767642 A T
>S767643 C A
>S767709 T A
>S767712 G T
>S767857 C G
>S767868 G C
>S767870 G C
>S768041 G A
>S768088 T A
>S768362 A T
>S768429 G T
>S768494 T G
>S768595 G C
>S768705 G A
>S768767 T A
>S768769 T C
>S768782 T G
>S768855 G A
>S768909 G T
>S768912 T G
>S768929 A T
>S768947 G T
>S768993 G T
>S769051 A G
>S769123 G A
>S769189 A G
>S769192 T C
>S769332 G T
>S769428 T C
>S769471 C A
>S769682 A C
>S769687 A C
>S769761 G C
>S769929 C T
>S770029 T A
>S770031 C T
>S770230 C T
>S770238 G C
>S770256 G A
>S770487 C T
>S770606 T G
>S770620 G T
>S770686 G T
>S770797 A G
>S770849 A C
>S771041 T G
>S771108 C G
>S771180 T G
>S771437 G C
>S771601 C A
>S771645 T C
>S771732 C T
>S772011 C T
>S772228 T A
>S772257 A G
>S772362 A G
>S772381 T C
>S772384 C T
>S772488 A T
>S772515 T G
>S772802 T A
>S772904 G C
>S772905 C A
>S772919 A G
>S773036 T C
>S773116 T G
>S773175 G T
>S773219 C G
>S773309 G A
>S773346 A G
>S773377 G T
>S773414 A G
>S773467 C T
>S773605 G T
>S773722 A T
>S773898 T G
>S774006 G A
>S774060 G A
>S774116 G A
>S774190 G A
>S774226 A G
>S774238 T A
>S774566 T C
>S774573 T A
>S774624 T G
>S774691 C A
>S774718 A G
>S774735 C T
>S774799 G T
>S774830 A T
>S774893 G T
>S774996 A T
>S775046 G T
>S775113 T A
>S775172 C T
>S775206 G C
>S775241 A G
>S775293 T G
>S775386 G T
>S775520 C G
>S775589 T G
>S775769 G C
>S775932 T G
>S776055 T C
>S776307 T G
>S776317 A G
>S776450 G T
>S776616 C G
>S776737 T A
>S776739 A T
>S776816 G A
>S776997 C G
>S777005 A T
>S777193 A T
>S777203 T A
>S777239 A C
>S777518 G T
>S777552 G A
>S777557 G C
>S777594 C A
>S777707 C G
>S777727 A T
>S777866 T C
>S777868 A T
>S777898 G T
>S777899 A C
>S778236 G T
>S778384 T G
>S778442 G C
>S778501 C G
>S778526 G A
>S778587 G C
>S778606 T G
>S778670 T G
>S778673 A T
>S778719 A T
>S778749 C A
>S778828 T C
>S778861 A G
>S779078 C G
>S779145 T G
>S779148 G T
>S779220 A G
>S779291 G T
>S779341 C G
>S779359 G C
>S779443 G A
>S779473 T G
>S779485 C G
>S779604 A G
>S779607 T G
>S779674 T C
>S779710 T G
>S779814 C T
>S779822 T C
>S779950 C A
>S779956 T G
>S779984 T A
>S780023 T A
>S780085 A T
>S780146 G T
>S780253 G A
>S780336 A G
>S780447 G T
>S780597 G C
>S780682 A C
>S780729 C G
>S780797 A T
>S781120 A C
>S781208 G A
>S781221 G A
>S781222 T G
>S781297 G C
>S781431 G A
>S781450 C G
>S781566 C G
>S781659 T C
>S781714 G T
>S781779 G T
>S781871 C A
>S781930 A T
>S781932 T C
>S782023 G T
>S782101 T A
>S782186 G A
>S782209 G A
>S782241 A G
>S782250 T G
>S782300 T A
>S782428 G A
>S782444 A C
>S782485 C A
>S782651 G T
>S782686 A C
>S782836 G T
>S782840 C T
>S783067 C T
>S783156 C G
>S783201 C G
>S783300 C T
>S783609 T G
>S783694 C T
>S783763 C A
>S783872 T G
>S783876 T C
>S784025 T G
>S784053 T G
>S784102 G A
>S784264 A C
>S784265 C A
>S784373 A T
>S784374 T A
>S784502 C T
>S784539 C G
>S784704 A G
>S784752 C G
>S784763 T C
>S784812 G C
>S784849 G T
>S785003 T C
>S785081 A G
>S785117 G A
>S785163 T C
>S785330 G T
>S785398 C T
>S785465 T A
>S785604 C A
>S785678 A G
>S785692 T G
>S785697 A T
>S785786 T A
>S786054 A G
>S786121 G A
>S786206 T A
>S786336 T G
>S786440 G C
>S786585 G C
>S786592 C G
>S786595 C T
>S786687 T G
>S786752 T A
>S786835 T C
>S786856 G C
>S786877 A G
>S786899 A T
>S786948 T A
>S786950 G C
>S787123 T G
>S787338 A C
>S787541 G A
>S787614 C G
>S787645 G A
>S787674 G C
>S787682 T G
>S787692 G C
>S787734 C A
>S787920 C G
>S788031 C A
>S788267 G T
>S788360 A G
>S788503 A T
>S788578 A T
>S788644 A G
>S788718 A T
>S788770 A G
>S788862 G A
>S788885 A C
>S788941 T A
>S789024 G A
>S789065 T A
>S789147 T C
>S789148 A G
>S789295 C G
>S789395 A C
>S789448 C A
>S789450 A C
>S789520 G C
>S789610 T A
>S789611 G T
>S789614 C T
>S789724 G T
>S789741 G C
>S789769 C A
>S789827 G T
>S789836 A C
>S789884 G A
>S789936 G A
>S789950 T A
>S790011 A G
>S790014 C T
>S790144 C T
>S790296 C G
>S790401 G T
>S790528 T A
>S790601 C T
>S790602 A C
>S790604 A C
>S790609 G A
>S790757 T G
>S790933 A T
>S790977 C G
>S791042 C G
>S791145 G T
>S791295 G T
>S791299 G T
>S791439 A T
>S791598 G T
>S791772 T A
>S791775 T C
>S791809 C A
>S791840 A T
>S791981 T A
>S791986 T G
>S792042 T C
>S792092 G A
>S792186 C T
>S792200 T A
>S792257 T A
>S792309 G T
>S792445 A G
>S792448 A G
>S792530 C T
>S792857 G C
>S792912 T A
>S793009 T C
>S793042 T G
>S793054 A C
>S793293 G T
>S793646 A C
>S793713 A C
>S793836 T C
>S793958 A T
>S794042 T A
>S794061 A T
>S794149 A T
>S794256 C G
>S794260 A T
>S794533 G A
>S794608 A T
>S794610 G C
>S794713 C G
>S794860 A C
>S795089 G T
>S795267 G C
>S795282 A C
>S795311 G A
>S795316 T A
>S795389 C T
>S795529 G T
>S795799 A G
>S795931 G C
>S796091 T C
>S796092 C A
>S796105 G C
>S796238 T A
>S796531 A C
>S796536 T A
>S796646 C G
>S796648 A T
>S796821 G T
>S796924 T C
>S797261 G T
>S797317 C T
>S797381 A T
>S797383 C A
>S797450 C G
>S797562 T C
>S797564 C A
>S797607 C A
>S797623 C G
>S797818 C A
>S797949 T C
>S798017 G T
>S798073 C A
>S798132 C A
>S798142 G T
>S798266 A G
>S798351 A G
>S798405 A C
>S798406 C T
>S798466 T C
>S798735 T C
>S798914 T C
>S799024 G A
>S799124 A C
>S799125 C A
>S799165 G C
>S799166 C G
>S799205 C A
>S799212 C G
>S799257 G C
>S799405 T G
>S799408 C A
>S799623 C G
>S799761 A T
>S799834 G A
>S799947 G C
>S799995 A G
>S799998 G C
>S800321 C G
>S800382 T A
>S800463 G A
>S800504 G A
>S800547 C T
>S800633 G A
>S800804 A C
>S800910 C G
>S801004 T C
>S801125 A C
>S801196 G T
>S801246 G A
>S801339 A C
>S801341 T A
>S801532 C T
>S801596 G T
>S801605 A T
>S801670 A C
>S801701 G C
>S801723 A T
>S801736 C G
>S801755 T A
>S801817 C A
>S801851 A C
>S801876 C A
>S802392 C G
>S802394 G T
>S802627 C A
>S802728 A G
>S802729 G C
>S802766 C T
>S802816 T A
>S802958 G T
>S803006 A T
>S803201 T A
>S803296 A T
>S803310 G C
>S803392 T A
>S803542 G C
>S803562 A C
>S803622 A T
>S803643 T A
>S803709 T C
>S803840 A T
>S803841 C A
>S803985 T C
>S804507 A T
>S804508 T A
>S804513 C T
>S804581 C T
>S804633 G C
>S804642 T A
>S804825 T A
>S804826 A T
>S804828 T G
>S805069 C G
>S805271 G C
>S805373 A G
>S805435 G A
>S805575 C G
>S805614 T A
>S805661 T G
>S805750 C A
>S805908 A T
>S806098 G T
>S806147 G C
>S806238 A C
>S806303 G C
>S806412 C G
>S806481 C G
>S806637 T A
>S806665 A T
>S806785 A T
>S806843 C A
>S806884 G C
>S806965 C A
>S807450 G C
>S807733 C T
>S807782 A T
>S807783 T A
>S807811 A G
>S807965 C A
>S807966 A G
>S808032 C G
>S808079 A C
>S808251 G A
>S808333 T G
>S808337 G T
>S808392 A C
>S808458 T G
>S808467 G C
>S808535 A T
>S808639 G C
>S808728 C T
>S808793 C T
>S808852 C G
>S808903 A G
>S809053 A G
>S809100 C A
>S809109 T G
>S809150 A C
>S809170 A T
>S809278 C A
>S809281 A G
>S809293 T A
>S809453 C A
>S809532 C G
>S809723 T A
>S809867 T A
>S809954 G C
>S810132 C T
>S810361 C G
>S810375 T A
>S810543 G T
>S810706 T A
>S810735 T C
>S810754 C A
>S810796 A C
>S810860 A T
>S811079 T C
>S811259 A T
>S811340 C A
>S811409 A T
>S811463 T G
>S811597 G A
>S811642 C A
>S811714 T C
>S811757 T C
>S812016 G A
>S812121 C G
>S812221 C T
>S812413 A T
>S812531 T C
>S812561 G T
>S812571 G C
>S812630 A T
>S812663 G A
>S812664 A G
>S812672 C A
>S812854 T A
>S812858 A C
>S813002 G A
>S813057 G C
>S813204 C G
>S813256 C A
>S813273 A G
>S813622 T C
>S813661 G C
>S813800 T G
>S813865 C T
>S813867 C A
>S814029 G C
>S814036 T G
>S814042 C A
>S814113 T A
>S814140 T A
>S814271 A T
>S814368 T C
>S814452 C T
>S814487 C G
>S814488 G C
>S814500 T A
>S814543 C G
>S814650 C A
>S814778 A C
>S814779 C G
>S814817 T A
>S814819 A C
>S814900 T A
>S815001 A T
>S815064 G T
>S815125 G C
>S815213 T C
>S815267 T A
>S815598 A G
>S815602 T G
>S815690 C A
>S815693 G T
>S815726 T G
>S815833 C T
>S815994 C A
>S816071 C A
>S816092 G A
>S816123 T G
>S816155 A T
>S816203 A T
>S816329 C A
>S816479 T A
>S816483 G T
>S816648 G T
>S816743 G C
>S816752 A G
>S816840 A T
>S816966 A T
>S817093 C T
>S817180 A C
>S817332 C T
>S817487 A G
>S817586 G T
>S817647 T C
>S817675 A T
>S817699 T A
>S817764 G C
>S817925 G T
>S818023 T C
>S818229 G T
>S818363 T C
>S818493 C A
>S818530 T C
>S818578 A G
>S818644 C T
>S818725 G C
>S818767 A G
>S818943 T A
>S818965 G T
>S819070 T G
>S819078 C G
>S819319 C G
>S819319 C A
>S819414 C G
>S819473 A G
>S820110 A T
>S820187 T A
>S820386 C T
>S820423 C A
>S820480 C G
>S820489 C G
>S820577 C G
>S820657 C A
>S820823 C G
>S820947 T G
>S821087 C T
>S821224 T A
>S821248 C A
>S821362 T G
>S821362 T A
>S821490 C T
>S821491 A C
>S821534 G T
>S821834 T G
>S821835 T G
>S822020 C A
>S822037 T G
>S822048 C G
>S822240 A T
>S822357 T A
>S822367 T C
>S822444 G C
>S822445 C G
>S822497 G A
>S822506 A T
>S822619 G C
>S822729 C A
>S822773 C G
>S822845 T C
>S822899 G T
>S823077 T A
>S823078 A C
>S823152 T C
>S823280 T G
>S823359 A G
>S823360 G A
>S823436 A C
>S823535 T C
>S823601 T A
>S823655 A T
>S823712 C A
>S823820 C T
>S823837 G T
>S823852 A C
>S824084 C G
>S824100 A G
>S824200 A C
>S824269 T A
>S824411 G T
>S824699 A T
>S824761 G A
>S824861 A G
>S824862 C A
>S824941 A C
>S824993 C A
>S824994 C A
>S825060 A G
>S825068 C A
>S825114 C G
>S825118 C T
>S825229 G T
>S825271 A G
>S825276 G T
>S825420 T A
>S825449 G T
>S825568 C G
>S825651 C G
>S825653 T G
>S825811 T C
>S825975 G T
>S826029 T A
>S826059 G T
>S826096 T C
>S826373 C A
>S826441 T A
>S826442 C T
>S826488 C A
>S826568 T G
>S826627 C A
>S826878 A T
>S826891 G T
>S826926 T G
>S827001 G A
>S827125 A C
>S827176 C A
>S827202 G T
>S827218 A C
>S827263 G C
>S827330 A G
>S827350 G T
>S827359 C G
>S827526 C G
>S827555 C A
>S827686 T A
>S827743 A G
>S827785 G C
>S828004 A C
>S828289 C T
>S828396 C G
>S828464 C T
>S828533 A T
>S828627 C T
>S828666 G A
>S828818 G T
>S828857 A G
>S828954 G C
>S828990 C G
>S829054 C G
>S829062 A C
>S829091 G T
>S829249 T A
>S829269 A T
>S829354 G C
>S829389 G A
>S829697 A G
>S829731 A C
>S829829 G A
>S829858 C T
>S829952 G A
>S829976 A G
>S830176 A C
>S830233 A G
>S830480 T C
>S830569 G A
>S830646 G C
>S830740 C T
>S830765 A G
>S830809 A C
>S830903 G T
>S830919 C T
>S831005 A T
>S831006 A C
>S831061 T G
>S831143 G C
>S831200 G T
>S831344 G A
>S831372 A G
>S831438 G C
>S831504 A G
>S831608 A C
>S831711 C A
>S831778 C T
>S831838 G A
>S832104 C T
>S832167 C G
>S832310 T A
>S832339 C G
>S832497 T A
>S832519 C T
>S832782 A T
>S832832 T G
>S832833 G T
>S832905 G T
>S832908 C G
>S832945 C T
>S832959 T G
>S832966 C T
>S832977 A G
>S833059 T A
>S833071 G T
>S833181 G C
>S833229 C T
>S833261 G A
>S833374 T C
>S833464 T G
>S833500 A T
>S833724 C G
>S833760 C T
>S833894 A T
>S833951 G T
>S834055 T G
>S834065 T A
>S834117 T G
>S834159 T G
>S834160 G C
>S834319 A G
>S834417 T C
>S834593 C T
>S834619 G C
>S834762 T A
>S834858 G C
>S834911 T A
>S834980 G A
>S835027 C A
>S835118 T A
>S835120 A T
>S835168 T G
>S835268 T C
>S835319 A C
>S835327 A T
>S835494 G C
>S835628 A T
>S835680 T C
>S835936 G T
>S835983 T A
>S836045 G C
>S836077 C G
>S836257 T A
>S836355 A T
>S836356 T A
>S836432 A C
>S836451 A C
>S836599 T C
>S836601 G C
>S836788 T C
>S836853 C G
>S836864 A C
>S837041 A T
>S837092 T A
>S837100 A T
>S837118 C A
>S837285 C T
>S837319 C A
>S837372 C A
>S837401 G T
>S837426 A T
>S837497 C A
>S837592 C T
>S837636 T G
>S837695 C T
>S837839 A T
>S837879 T A
>S837929 G A
>S837947 A C
>S838065 A C
>S838344 G A
>S838515 T A
>S838617 A C
>S838645 A G
>S838772 T G
>S838941 C G
>S838952 A C
>S839327 T A
>S839429 G C
>S839473 G C
>S839664 G A
>S839682 C G
>S839998 A T
>S840109 A G
>S840198 C T
>S840252 C T
>S840313 G T
>S840396 T G
>S840453 T G
>S840489 A G
>S840641 A C
>S840671 G C
>S840776 A G
>S841254 C A
>S841372 A G
>S841671 G C
>S841719 C G
>S841759 A G
>S841830 G C
>S841941 G T
>S842051 T C
>S842112 T C
>S842262 A C
>S842306 T A
>S842431 C G
>S842573 A T
>S842601 G C
>S842712 T A
>S842718 G T
>S843105 T A
>S843106 G C
>S843116 G A
>S843285 T G
>S843627 G C
>S843654 A C
>S843717 C T
>S843859 A C
>S843984 G A
>S844040 G C
>S844065 A G
>S844067 C A
>S844214 A C
>S844224 T C
>S844267 C A
>S844299 C T
>S844328 G A
>S844389 A G
>S844390 G C
>S844445 G C
>S844476 T G
>S844592 G C
>S844626 C A
>S844754 G A
>S844848 A G
>S845019 T C
>S845104 C G
>S845154 C G
>S845155 A C
>S845193 T G
>S845218 T A
>S845255 C T
>S845455 G T
>S845566 C A
>S845624 A T
>S845773 G C
>S845791 A G
>S845883 C A
>S845884 A C
>S845968 T G
>S846027 C A
>S846063 A T
>S846140 C G
>S846205 C G
>S846216 T G
>S846243 A T
>S846275 T A
>S846283 A C
>S846313 A T
>S846447 G C
>S846493 G T
>S846549 G C
>S846552 A T
>S846651 T G
>S846756 C T
>S846902 T A
>S847179 A C
>S847240 C A
>S847316 A G
>S847376 C G
>S847437 T C
>S847455 G C
>S847536 T A
>S847561 A T
>S847804 G A
>S847881 C A
>S848041 A G
>S848399 T A
>S848454 C T
>S848481 C A
>S848581 T A
>S848625 C G
>S848643 G T
>S848724 C G
>S848775 G C
>S848776 T G
>S848840 T C
>S848948 A T
>S848957 C T
>S848959 C G
>S848992 T C
>S849000 T G
>S849069 G T
>S849116 T C
>S849118 G T
>S849139 T C
>S849210 T C
>S849262 A G
>S849301 A C
>S849353 T G
>S849440 T A
>S849456 T A
>S849468 A T
>S849469 T C
>S849526 G T
>S849536 T A
>S849605 T A
>S849672 G T
>S849712 T C
>S849762 T A
>S850049 A T
>S850050 T C
>S850203 G T
>S850286 C G
>S850287 G T
>S850321 C G
>S850437 C T
>S850557 G C
>S850638 C T
>S850686 G C
>S850766 C T
>S850905 A T
>S850984 G T
>S851007 G T
>S851303 C G
>S851358 G C
>S851436 G C
>S851678 T C
>S851794 C A
>S851807 C A
>S851808 T C
>S851846 T A
>S852125 A C
>S852175 A G
>S852259 C T
>S852283 T G
>S852287 T C
>S852525 C A
>S852623 C T
>S852675 A C
>S852686 G A
>S852732 C T
>S852752 T G
>S853036 A C
>S853045 G A
>S853119 A C
>S853237 G C
>S853333 T G
>S853383 A G
>S853515 C A
>S853540 G T
>S853797 C A
>S853934 T C
>S853976 C T
>S854062 G T
>S854126 G T
>S854258 C A
>S854374 A G
>S854463 G C
>S854524 C A
>S854531 C G
>S854549 G C
>S854578 T A
>S854710 A T
>S854719 T G
>S854795 C G
>S854876 A T
>S854881 A C
>S854918 C T
>S855269 A C
>S855427 C A
>S855432 C A
>S855462 C G
>S855548 C G
>S855566 A T
>S855644 C T
>S855661 A C
>S855779 A T
>S855838 C G
>S855868 T G
>S855871 A T
>S855925 A C
>S855978 C A
>S856085 T C
>S856154 A T
>S856162 G C
>S856169 A T
>S856254 A T
>S856312 T A
>S856326 T C
>S856353 C A
>S856411 C T
>S856480 G A
>S856703 C G
>S856978 T A
>S857014 G A
>S857092 C T
>S857126 G T
>S857151 T A
>S857227 T C
>S857283 A G
>S857315 T C
>S857459 G C
>S857707 C T
>S857715 A T
>S857815 A T
>S857842 T C
>S857853 T G
>S858063 C G
>S858101 C A
>S858206 G A
>S858239 G T
>S858363 T C
>S858402 G C
>S858503 C G
>S858630 A G
>S858633 T G
>S858653 A T
>S858678 C T
>S858728 C G
>S858734 G A
>S858749 C A
>S858822 C T
>S858865 A G
>S859039 T G
>S859181 T A
>S859252 T C
>S859263 C G
>S859303 G T
>S859367 T A
>S859423 G T
>S859582 C T
>S859629 C G
>S859673 A G
>S859737 C A
>S859800 T G
>S859879 A C
>S859924 A T
>S859946 C G
>S860021 C G
>S860085 G A
>S860444 G T
>S860483 C T
>S860485 T C
>S860524 G C
>S860713 A C
>S860939 C T
>S860955 T G
>S861088 G A
>S861167 A C
>S861217 C G
>S861388 G A
>S861436 C T
>S861458 A G
>S861514 A G
>S861571 A T
>S861836 A G
>S861839 C A
>S861898 G A
>S861917 G C
>S862028 G A
>S862257 C T
>S862643 T C
>S862728 C A
>S862735 G A
>S862795 T A
>S862797 A C
>S862854 C G
>S862943 T A
>S863050 A G
>S863133 T C
>S863213 T C
>S863223 A C
>S863234 T C
>S863429 T A
>S863673 C T
>S863723 C T
>S863795 G C
>S864005 G T
>S864072 C T
>S864214 T A
>S864255 A T
>S864417 G C
>S864627 T G
>S864766 G C
>S864813 G T
>S864946 A G
>S864978 G T
>S865059 T C
>S865060 A T
>S865307 C G
>S865348 T G
>S865426 G A
>S865427 C G
>S865452 A G
>S865517 G A
>S865519 C A
>S865607 C A
>S865662 T C
>S865668 T C
>S865729 T C
>S865810 A T
>S865819 A C
>S865901 T C
>S865906 C G
>S865949 A T
>S866154 G A
>S866165 T C
>S866248 A G
>S866363 T C
>S866403 G C
>S866467 C T
>S866629 G T
>S866658 G C
>S866708 A G
>S866713 C A
>S866738 C T
>S866754 A G
>S866807 G A
>S866845 T G
>S866854 G C
>S866908 T G
>S866938 G T
>S867030 A G
>S867138 C A
>S867156 G T
>S867185 T C
>S867243 T G
>S867245 C A
>S867296 C T
>S867419 G T
>S867427 A T
>S867468 T G
>S867522 C A
>S867563 G T
>S867655 A T
>S867731 T A
>S867872 T A
>S867968 G A
>S868494 C A
>S868500 A T
>S868563 A T
>S868666 A T
>S868748 T C
>S868804 A T
>S868832 G A
>S868952 T A
>S868990 G T
>S869129 C T
>S869213 C G
>S869286 T C
>S869287 G T
>S869502 A T
>S869553 A T
>S869706 G T
>S869810 C T
>S869810 C A
>S869811 A C
>S869876 T C
>S870405 T A
>S870408 G C
>S870542 G T
>S870634 A T
>S870661 T A
>S870864 C T
>S870928 G C
>S871235 A T
>S871405 T A
>S871408 G T
>S871458 A C
>S871520 G C
>S871521 C G
>S871736 T A
>S871784 C G
>S871831 T C
>S871965 T A
>S871974 T G
>S872115 C A
>S872222 C T
>S872319 T C
>S872346 G C
>S872423 A C
>S872454 G T
>S872593 C T
>S872697 G C
>S872701 T C
>S872997 G T
>S872998 A G
>S873126 A T
>S873160 A C
>S873307 G A
>S873513 T C
>S873597 T C
>S873632 G T
>S873697 G T
>S873820 T A
>S873949 C G
>S873980 G T
>S874133 A G
>S874150 T A
>S874152 A C
>S874237 C A
>S874281 G C
>S874287 C T
>S874339 C G
>S874370 T C
>S874456 T C
>S874542 T G
>S874590 A C
>S874652 T A
>S874830 T G
>S874922 T C
>S874927 A T
>S874945 G C
>S875149 G T
>S875318 G C
>S875463 G C
>S875736 T G
>S875765 A T
>S875830 A G
>S875925 C A
>S875969 C A
>S876135 T A
>S876188 A G
>S876196 T C
>S876280 C G
>S876335 C G
>S876337 G A
>S876409 A G
>S876410 G A
>S876446 C T
>S876452 G A
>S876507 G C
>S876739 G T
>S876759 C T
>S876852 C A
>S876948 A G
>S877002 C G
>S877007 G T
>S877168 T C
>S877312 T A
>S877382 G A
>S877398 A C
>S877476 T A
>S877505 G T
>S877586 A C
>S877654 G A
>S877672 G C
>S877910 C T
>S877931 T C
>S878113 C T
>S878142 G C
>S878230 T A
>S878258 T G
>S878278 C A
>S878318 C T
>S878371 G A
>S878406 T G
>S878455 A C
>S878846 T G
>S878869 T G
>S878963 A C
>S878970 C A
>S879032 A G
>S879103 A C
>S879414 C G
>S879574 G C
>S879759 T G
>S879817 G T
>S879882 G C
>S879953 G T
>S880124 G T
>S880175 T A
>S880225 T G
>S880382 G C
>S880397 A C
>S880646 T C
>S880667 T G
>S880731 G T
>S880890 T C
>S880916 A C
>S880964 G T
>S880968 G C
>S881049 C G
>S881118 C G
>S881326 T A
>S881433 C G
>S881456 C A
>S881502 T G
>S881505 T C
>S881536 C T
>S881611 T C
>S881618 C G
>S881658 C G
>S881704 T G
>S881710 C A
>S881793 T A
>S881832 G A
>S881903 A C
>S881968 C G
>S881995 C T
>S882126 G C
>S882127 G A
>S882165 C T
>S882212 G A
>S882213 A T
>S882260 A G
>S882329 T A
>S882654 C G
>S882655 G T
>S882656 T A
>S882745 A C
>S882832 A G
>S882997 C A
>S882999 G T
>S883055 A C
>S883209 A C
>S883316 G A
>S883316 G C
>S883419 A G
>S883511 A C
>S883616 C G
>S883791 G T
>S883792 C G
>S883836 A C
>S883894 C T
>S883919 T A
>S883949 G T
>S884111 G T
>S884172 G C
>S884199 A C
>S884471 T A
>S884474 G T
>S884564 A C
>S884576 G T
>S884623 G A
>S884662 G C
>S884678 C A
>S884763 A T
>S884777 A G
>S885064 A G
>S885121 C G
>S885199 C G
>S885283 A T
>S885395 G T
>S885427 G T
>S885609 A T
>S885664 G A
>S885767 C T
>S885826 G A
>S885859 A G
>S885868 G C
>S886025 A T
>S886062 G A
>S886197 C A
>S886249 C T
>S886322 A C
>S886376 C T
>S886394 T G
>S886642 G T
>S886772 C G
>S887023 A C
>S887314 G C
>S887349 G T
>S887369 A C
>S887401 A C
>S887526 T A
>S887569 A C
>S887580 C A
>S887628 A G
>S887630 G A
>S887718 G A
>S887863 G C
>S887864 C T
>S888320 A T
>S888380 T C
>S888487 C A
>S888673 A G
>S888770 T C
>S888860 C A
>S888921 A G
>S889010 C A
>S889027 C A
>S889186 G T
>S889355 C T
>S889393 A T
>S889556 T C
>S889647 C G
>S889715 G T
>S889728 T C
>S889864 A G
>S890170 G A
>S890222 T A
>S890268 T C
>S890313 C T
>S890344 A C
>S890405 T C
>S890502 C T
>S890507 A C
>S890588 A C
>S890589 G A
>S890654 C A
>S890925 C A
>S890934 T G
>S891041 A C
>S891140 T C
>S891268 C A
>S891337 T G
>S891446 A G
>S891493 T A
>S891497 C G
>S891516 C A
>S891572 T C
>S891630 C G
>S891707 G T
>S891806 T G
>S892017 T G
>S892095 T G
>S892104 T G
>S892185 G A
>S892186 A G
>S892268 T C
>S892271 T C
>S892272 T C
>S892332 A C
>S892388 G A
>S892392 A G
>S892406 T C
>S892455 C G
>S892507 G C
>S892653 A G
>S892855 A T
>S892937 G T
>S892950 T G
>S893046 T A
>S893079 A G
>S893165 A G
>S893222 T A
>S893283 T G
>S893404 G C
>S893414 A T
>S893462 A T
>S893520 C G
>S893636 A T
>S893843 G A
>S893981 T G
>S894056 A G
>S894075 C G
>S894231 A C
>S894246 G C
>S894253 A T
>S894569 A T
>S894687 T G
>S894701 T G
>S894837 A C
>S895210 A G
>S895218 C T
>S895319 G C
>S895354 T C
>S895390 T A
>S895406 T G
>S895452 T G
>S895477 C G
>S895493 A T
>S895576 G C
>S895707 T A
>S896010 G A
>S896083 C A
>S896180 C A
>S896213 T G
>S896343 A T
>S896507 A C
>S896784 G T
>S896788 G T
>S896863 G T
>S896961 C G
>S896964 A C
>S897039 A G
>S897091 T C
>S897129 G C
>S897186 C T
>S897194 C G
>S897325 C A
>S897584 A C
>S897700 C G
>S897775 G A
>S898012 G T
>S898049 C A
>S898087 C A
>S898156 A T
>S898172 T C
>S898182 G C
>S898232 C T
>S898265 T A
>S898380 G T
>S898477 C A
>S898629 C T
>S898655 C T
>S898754 G T
>S898772 C T
>S898796 A T
>S898851 A G
>S899131 C T
>S899132 A C
>S899201 T C
>S899247 A G
>S899443 C G
>S899466 T C
>S899511 A T
>S899514 A C
>S899527 A G
>S899589 T C
>S899628 C A
>S899803 G A
>S899879 A G
>S899944 C T
>S900145 A G
>S900221 C A
>S900369 A C
>S900374 C G
>S900459 T G
>S900525 G A
>S900683 C G
>S900721 G C
>S900807 C T
>S900921 A C
>S900922 G A
>S900973 T G
>S901148 G C
>S901514 T C
>S901606 G A
>S901668 G T
>S901669 A G
>S901774 A T
>S901804 A G
>S901864 T A
>S901912 C A
>S901913 A C
>S901934 G T
>S902071 C T
>S902072 A C
>S902123 A C
>S902337 G A
>S902463 C A
>S902541 G C
>S902564 T G
>S902647 A T
>S902749 T G
>S902824 T C
>S902935 A C
>S903072 G A
>S903203 T C
>S903204 C T
>S903239 G C
>S903327 T A
>S903359 C G
>S903410 G C
>S903475 A C
>S903561 G C
>S903612 T C
>S903626 T A
>S903756 A G
>S903825 G A
>S903844 C A
>S903915 C G
>S904006 C G
>S904008 T C
>S904099 A T
>S904107 A C
>S904254 A G
>S904255 G A
>S904275 C T
>S904317 A G
>S904377 T A
>S904419 C G
>S904515 T C
>S904530 G A
>S904566 G C
>S904683 T A
>S904855 T A
>S904978 T A
>S905024 G C
>S905109 C G
>S905128 T G
>S905409 T A
>S905447 A C
>S905518 C G
>S905584 A T
>S905644 G C
>S905748 C T
>S905851 A C
>S905920 G C
>S905995 A T
>S906011 G T
>S906122 C G
>S906179 T A
>S906282 T G
>S906449 G C
>S906664 A T
>S906712 A C
>S906860 T G
>S906886 A T
>S906918 T A
>S906966 T G
>S907013 T G
>S907095 T A
>S907132 T A
>S907169 A T
>S907266 A G
>S907520 C A
>S907645 G A
>S907728 T A
>S908045 G C
>S908191 G T
>S908199 A C
>S908367 G C
>S908512 G A
>S908768 C G
>S908802 C A
>S908846 G A
>S908935 T C
>S909094 G C
>S909121 C T
>S909253 A T
>S909428 A C
>S909489 A T
>S909490 T C
>S909534 A C
>S909586 A T
>S909599 T C
>S909609 C T
>S909827 A G
>S909948 T C
>S910000 T G
>S910097 C G
>S910166 G C
>S910252 A G
>S910259 T C
>S910311 G A
>S910419 G C
>S910456 C A
>S910531 T A
>S910541 C G
>S910656 A G
>S910792 G A
>S910882 G C
>S910904 A T
>S910952 T A
>S910961 T C
>S910962 C T
>S911075 T A
>S911149 C A
>S911263 T A
>S911481 C T
>S911509 T G
>S911778 A G
>S911858 A C
>S911934 C A
>S911936 A C
>S911937 T A
>S911988 T A
>S912255 A C
>S912265 A G
>S912328 G T
>S912331 T A
>S912410 C A
>S912414 G A
>S912473 T C
>S912510 A C
>S912588 C A
>S912668 G C
>S912802 G T
>S912908 C A
>S913013 A C
>S913051 G C
>S913064 A G
>S913107 C G
>S913259 T A
>S913383 T A
>S913467 G A
>S913520 A T
>S913633 A C
>S913658 A C
>S913730 C T
>S913779 C A
>S914074 G C
>S914081 G C
>S914214 A T
>S914330 A G
>S914393 C G
>S914487 A T
>S914852 T A
>S914866 A G
>S914943 C G
>S915084 T A
>S915171 T G
>S915325 A T
>S915335 A C
>S915397 A G
>S915569 T G
>S915630 G A
>S915748 A G
>S915826 G T
>S915951 G C
>S916009 A C
>S916070 G T
>S916071 C A
>S916105 T A
>S916288 T C
>S916528 A C
>S916602 A G
>S916664 T G
>S916795 G C
>S917025 A C
>S917129 C G
>S917130 A C
>S917161 G A
>S917189 A C
>S917231 G A
>S917313 C G
>S917428 G C
>S917561 C G
>S917729 T G
>S918041 C T
>S918076 C T
>S918158 C G
>S918263 T C
>S918405 G A
>S918475 G T
>S918561 C G
>S918678 C T
>S918959 A T
>S919115 G A
>S919118 A G
>S919294 G C
>S919366 G C
>S919442 C G
>S919446 A G
>S919571 C G
>S919608 T A
>S919621 T A
>S919695 A C
>S919729 T G
>S919747 C T
>S919762 C A
>S919821 G T
>S919874 A T
>S919875 T G
>S919894 G T
>S919945 A C
>S920042 G A
>S920083 G A
>S920267 A G
>S920284 A G
>S920682 T A
>S920764 T G
>S920766 G C
>S921016 G T
>S921044 G C
>S921068 T A
>S921094 C A
>S921148 G C
>S921208 G A
>S921343 T A
>S921398 A C
>S921562 C G
>S921579 A T
>S921635 A G
>S921707 C T
>S921709 T G
>S921786 A C
>S921870 C T
>S921939 C T
>S921995 C G
>S922024 C T
>S922211 G C
>S922490 T G
>S922619 T G
>S922664 A G
>S922703 T C
>S922882 T A
>S922891 C T
>S923127 C G
>S923128 G A
>S923140 G T
>S923252 G A
>S923403 T C
>S923507 G T
>S923567 G C
>S923607 G A
>S923737 G A
>S923935 G A
>S923954 G T
>S923958 T G
>S924024 G C
>S924204 G T
>S924368 G A
>S924377 T C
>S924528 C G
>S924934 G T
>S924935 T G
>S925012 G A
>S925171 G A
>S925213 T A
>S925322 A G
>S925373 T G
>S925431 G A
>S925467 C A
>S925564 A T
>S925757 G A
>S925802 G A
>S925911 C T
>S925986 G C
>S926007 T A
>S926092 C A
>S926151 T C
>S926216 C G
>S926217 G T
>S926303 A C
>S926333 G A
>S926432 C T
>S926466 T G
>S926626 A T
>S926628 G T
>S926639 C A
>S926730 C A
>S926746 G C
>S926900 A G
>S926938 C A
>S926941 G T
>S927006 A T
>S927055 G C
>S927056 A G
>S927105 C G
>S927246 T C
>S927291 T A
>S927377 C A
>S927642 A C
>S927651 A G
>S927780 A T
>S927896 C G
>S927978 T A
>S928075 G A
>S928171 T C
>S928231 A G
>S928239 G T
>S928389 G C
>S928474 A T
>S928603 A T
>S928700 G A
>S928839 G T
>S928871 C A
>S929029 G C
>S929065 A T
>S929205 A G
>S929408 A C
>S929675 A T
>S929696 C A
>S929812 G A
>S929892 G C
>S929986 T A
>S930093 G T
>S930148 G C
>S930191 A C
>S930251 A G
>S930261 T G
>S930349 G C
>S930428 A T
>S930596 A C
>S930860 C G
>S930908 A C
>S930955 G C
>S930964 A T
>S930996 T A
>S931127 G A
>S931151 A T
>S931522 G C
>S931627 C G
>S931816 A C
>S931816 A G
>S931817 C A
>S931875 A C
>S932102 G T
>S932280 T A
>S932321 T G
>S932418 A C
>S932496 A C
>S932642 C A
>S932715 C T
>S932717 T A
>S932741 T C
>S932994 A C
>S932995 C A
>S933186 G T
>S933361 C T
>S933370 T G
>S933466 A G
>S933582 T A
>S933617 C A
>S933658 G C
>S933829 G T
>S933830 T G
>S933850 T G
>S933931 A G
>S933968 G T
>S934004 G A
>S934157 A G
>S934200 A T
>S934327 C T
>S934393 T A
>S934518 G A
>S934525 G A
>S934586 T A
>S934634 G C
>S934661 G T
>S934820 T C
>S934827 T A
>S934851 A C
>S934907 G A
>S934932 T C
>S935005 G A
>S935087 G T
>S935103 A C
>S935205 C G
>S935233 T G
>S935311 G A
>S935333 C A
>S935383 T G
>S935436 T C
>S935510 A T
>S935603 G A
>S935652 G T
>S935954 T A
>S935966 C A
>S936032 A T
>S936079 T C
>S936196 G A
>S936518 A G
>S936526 A C
>S936635 A C
>S936643 C A
>S936933 C A
>S937111 G C
>S937218 G T
>S937284 T A
>S937429 C A
>S937446 C T
>S937479 T G
>S937505 A C
>S937519 A G
>S937659 C T
>S937670 A T
>S937739 T C
>S937764 T G
>S937807 A G
>S937863 T G
>S937883 T A
>S937946 A G
>S938012 A G
>S938031 G T
>S938100 A T
>S938143 C T
>S938265 C T
>S938354 A G
>S938355 T A
>S938394 A T
>S938397 G T
>S938476 C A
>S938549 T G
>S938872 C A
>S938990 C G
>S939009 T G
>S939010 G T
>S939111 T C
>S939113 A T
>S939165 A G
>S939217 G T
>S939260 T A
>S939331 T C
>S939375 A C
>S939480 G C
>S939530 T A
>S939559 G A
>S939577 T A
>S939588 A T
>S939682 T G
>S939693 A G
>S939729 A C
>S939776 A C
>S940032 T G
>S940057 T G
>S940128 C T
>S940240 G A
>S940305 A T
>S940362 G C
>S940483 A G
>S940503 C A
>S940530 G T
>S940581 T A
>S940610 C A
>S940770 C T
>S940826 G T
>S941181 G C
>S941258 T G
>S941342 T C
>S941381 G A
>S941513 T C
>S941565 C G
>S941641 A G
>S941661 G A
>S941852 T C
>S941978 T A
>S941983 T G
>S942021 A T
>S942094 G C
>S942342 A C
>S942443 A G
>S942491 G A
>S942531 T G
>S942645 G T
>S942739 C T
>S942912 A T
>S942921 A T
>S943150 T C
>S943413 A T
>S943471 G C
>S943510 A G
>S943512 C G
>S943544 A C
>S943567 C A
>S943760 A C
>S943939 C A
>S943965 A T
>S944037 A C
>S944092 C G
>S944221 C T
>S944224 T A
>S944273 G T
>S944275 G A
>S944328 T C
>S944331 C A
>S944649 G T
>S944655 A C
>S944786 C G
>S944809 A C
>S944944 C A
>S944998 C G
>S945146 C T
>S945373 G A
>S945391 G A
>S945664 G A
>S945707 T A
>S945756 T C
>S945918 T C
>S946018 A C
>S946062 C A
>S946169 C G
>S946238 A C
>S946265 G T
>S946424 A G
>S946425 A G
>S946558 G T
>S946626 G A
>S946681 T G
>S946758 G C
>S946870 T A
>S946908 C G
>S946917 A C
>S947010 G C
>S947066 C A
>S947134 T A
>S947144 T G
>S947442 C T
>S947495 C G
>S947582 A T
>S947718 T G
>S947840 C A
>S947909 A G
>S947910 G A
>S947957 G T
>S947959 A C
>S947969 G T
>S947970 G A
>S948014 A G
>S948025 C G
>S948079 T C
>S948146 T G
>S948191 C G
>S948207 G A
>S948304 G T
>S948314 A C
>S948367 C T
>S948460 G T
>S948628 T G
>S948756 A G
>S948821 C A
>S948892 T A
>S949091 T A
>S949313 C T
>S949324 G C
>S949407 A T
>S949446 G C
>S949572 G T
>S949622 G T
>S949655 G C
>S949707 T C
>S949836 G C
>S949860 C A
>S949917 T A
>S949945 T A
>S950090 G A
>S950114 C A
>S950450 G T
>S950526 T G
>S950611 T G
>S950612 C G
>S950811 G T
>S950898 G C
>S951044 G C
>S951060 G T
>S951065 C G
>S951109 T G
>S951164 T A
>S951168 T C
>S951256 T C
>S951275 C G
>S951378 C A
>S951453 A C
>S951558 A C
>S951559 G A
>S951660 C A
>S951741 A C
>S951760 C A
>S951875 T G
>S951877 C T
>S951909 A C
>S951910 C A
>S951946 C A
>S951978 T C
>S952063 T C
>S952129 C A
>S952269 C T
>S952275 T C
>S952353 G A
>S952355 G C
>S952456 C T
>S952661 C G
>S952691 G T
>S952752 G T
>S952965 G C
>S952977 G C
>S953014 T A
>S953078 T C
>S953095 T G
>S953291 T G
>S953356 A C
>S953397 T G
>S953453 T C
>S953453 T G
>S953691 C A
>S953788 T G
>S953838 G T
>S953891 T A
>S953915 A C
>S953935 T A
>S953981 G C
>S954023 G C
>S954080 T C
>S954192 G A
>S954262 T A
>S954293 T A
>S954320 A G
>S954414 C T
>S954500 A T
>S954502 G A
>S954579 G C
>S954606 C A
>S954752 A C
>S954779 A T
>S954816 A C
>S954956 T G
>S955058 C G
>S955154 A G
>S955336 G T
>S955521 G T
>S955630 G T
>S955676 G C
>S955800 G T
>S955865 C A
>S955913 G T
>S955914 C A
>S955991 A C
>S956138 A T
>S956217 C A
>S956668 C A
>S956732 A C
>S956850 A C
>S957103 T A
>S957199 G A
>S957302 G T
>S957306 C G
>S957404 C T
>S957495 A C
>S957620 T C
>S957751 A G
>S957755 G T
>S957785 T G
>S957851 A T
>S957875 G C
>S957919 C T
>S957992 T A
>S958152 C G
>S958159 C G
>S958183 C G
>S958288 G C
>S958406 A T
>S958408 T A
>S958445 C G
>S958516 A T
>S958651 G T
>S958733 T A
>S958777 A C
>S958852 C A
>S958901 A T
>S958941 A T
>S959094 C G
>S959428 C A
>S959523 A C
>S959579 G C
>S959692 A G
>S959693 C A
>S959724 G A
>S959725 T A
>S959787 A G
>S959852 T A
>S960032 G C
>S960103 A G
>S960231 A C
>S960367 A G
>S960369 C A
>S960519 A T
>S960623 A G
>S960705 T C
>S960755 A G
>S961051 T C
>S961184 G T
>S961186 A C
>S961235 G C
>S961309 G T
>S961507 G C
>S961582 T G
>S961610 G C
>S961619 C T
>S961636 T C
>S961656 A G
>S961757 G C
>S961785 A C
>S962027 T C
>S962033 T C
>S962205 G C
>S962250 C A
>S962274 A T
>S962475 G A
>S962589 A C
>S962699 C T
>S962733 A C
>S962775 T G
>S962815 G C
>S962881 T G
>S962911 C T
>S962947 G C
>S963177 A G
>S963234 T C
>S963238 G A
>S963540 C A
>S963613 G A
>S963718 G A
>S963728 C T
>S963862 G C
>S963884 T A
>S964163 C T
>S964208 A C
>S964305 C G
>S964404 A T
>S964444 G T
>S964523 G C
>S964545 G A
>S964622 T G
>S964639 A C
>S964863 T G
>S964871 G C
>S965028 G T
>S965057 A G
>S965115 T G
>S965209 T G
>S965336 C G
>S965425 A T
>S965499 A G
>S965583 A T
>S965617 A G
>S965618 C A
>S965686 A C
>S965717 T A
>S965769 C G
>S965873 G T
>S965931 T A
>S965932 A G
>S965960 T C
>S966001 A G
>S966060 G T
>S966256 C A
>S966295 C G
>S966459 G T
>S966460 T A
>S966476 C A
>S966649 C G
>S966653 G T
>S966765 T G
>S966775 G C
>S966850 C A
>S966915 T G
>S966940 T C
>S967103 C T
>S967272 A G
>S967273 C A
>S967372 T A
>S967483 G A
>S967508 A T
>S967603 G T
>S967684 C T
>S967905 C A
>S967972 A C
>S968000 A C
>S968039 A C
>S968076 C G
>S968137 G C
>S968222 G C
>S968290 C G
>S968307 A T
>S968524 G T
>S968618 C A
>S968643 A G
>S968707 A T
>S968796 T C
>S969070 T C
>S969121 A C
>S969171 G T
>S969202 G A
>S969256 C T
>S969371 T C
>S969456 A T
>S969480 G T
>S969636 A G
>S969664 A C
>S969696 G A
>S969907 C A
>S970102 T A
>S970132 T G
>S970162 G A
>S970310 C T
>S970512 C T
>S970553 T C
>S970577 A C
>S970716 C A
>S970826 C T
>S971030 C G
>S971080 A G
>S971095 T G
>S971144 C A
>S971158 C T
>S971211 T G
>S971709 G T
>S971769 C G
>S971790 A C
>S971824 T A
>S971952 G T
>S972145 A T
>S972355 G C
>S972373 G T
>S972475 A C
>S972675 T A
>S972698 G C
>S972818 C G
>S972832 G A
>S972840 T G
>S973089 C T
>S973209 C T
>S973323 T G
>S973419 G A
>S973513 T C
>S973592 A G
>S973593 G C
>S973640 G C
>S973672 C A
>S973714 A G
>S973796 A T
>S973846 A G
>S974141 C G
>S974168 A T
>S974240 A G
>S974363 A G
>S974401 A G
>S974449 T A
>S974505 G C
>S974592 C T
>S974721 C G
>S974808 A C
>S974988 T C
>S975034 T A
>S975261 G C
>S975603 T C
>S975638 A G
>S975784 A G
>S975811 G A
>S975841 G T
>S975895 G A
>S975973 C T
>S975997 C G
>S976071 C G
>S976125 C A
>S976295 G A
>S976326 A G
>S976402 A T
>S976471 G T
>S976478 G A
>S976600 C A
>S976734 T C
>S976792 C G
>S976836 A G
>S976848 G C
>S976997 C T
>S977223 G C
>S977226 C A
>S977456 C G
>S977528 A T
>S977530 T C
>S977593 T A
>S977597 A G
>S977688 G C
>S977780 T A
>S977836 C T
>S977922 T A
>S977967 T A
>S978052 A G
>S978124 A C
>S978227 A C
>S978319 T G
>S978368 A T
>S978369 C T
>S978441 C A
>S978491 C G
>S978518 C G
>S978582 C G
>S978643 C A
>S978748 A G
>S978782 A T
>S978877 A C
>S978905 A T
>S979003 A G
>S979005 G A
>S979074 A C
>S979428 C G
>S979566 A G
>S979577 T C
>S979703 A T
>S979815 G T
>S979829 G C
>S979939 T G
>S980126 C A
>S980192 C G
>S980193 G T
>S980266 A C
>S980303 T A
>S980350 A T
>S980728 T A
>S980799 T A
>S980832 A C
>S980912 G T
>S980972 G C
>S981078 T A
>S981092 T C
>S981154 G T
>S981238 C G
>S981260 C A
>S981514 T A
>S981689 G T
>S981723 T G
>S981802 A T
>S981849 T C
>S981860 T A
>S981969 A T
>S982043 A C
>S982070 G A
>S982193 G A
>S982195 A G
>S982282 A C
>S982291 C G
>S982292 A C
>S982344 C G
>S982438 T G
>S982453 C A
>S982648 A G
>S982685 G C
>S982748 G C
>S982869 G C
>S982870 T G
>S983018 G T
>S983021 A T
>S983222 A G
>S983305 G C
>S983339 A T
>S983357 C T
>S983445 G T
>S983486 A T
>S983511 C A
>S983524 G A
>S983536 G C
>S983541 T G
>S983559 C T
>S983676 T G
>S983790 G A
>S983799 C G
>S983854 T A
>S983856 C T
>S983867 A T
>S984057 T A
>S984131 C G
>S984290 C T
>S984349 T G
>S984419 G A
>S984498 G T
>S984544 C A
>S984647 G A
>S984658 A G
>S984664 A T
>S984685 T A
>S984686 A C
>S984723 C T
>S984803 G C
>S984835 A G
>S984843 A G
>S984876 C A
>S984889 G A
>S984939 C G
>S984941 G C
>S984965 A G
>S984988 G C
>S985101 T G
>S985174 C G
>S985222 T G
>S985248 G T
>S985320 T A
>S985423 C T
>S985470 A C
>S985675 G A
>S985719 G A
>S985767 G T
>S985799 C A
>S985912 C T
>S986066 T A
>S986156 T G
>S986311 C G
>S986362 G A
>S986372 T C
>S986528 A T
>S986536 T A
>S986583 G A
>S986709 T C
>S986792 C G
>S986868 G A
>S987008 A T
>S987054 A C
>S987148 T A
>S987173 T G
>S987274 T G
>S987383 A G
>S987404 G T
>S987429 A T
>S987560 G T
>S987709 T A
>S987712 A T
>S988041 A G
>S988065 G A
>S988113 A C
>S988148 G T
>S988161 A G
>S988294 T G
>S988373 T A
>S988383 C T
>S988433 G C
>S988538 A G
>S988618 A C
>S988680 G A
>S988767 C G
>S988953 C A
>S989023 T A
>S989174 T A
>S989184 A G
>S989185 G A
>S989211 G A
>S989220 A T
>S989320 G C
>S989499 T G
>S989518 T C
>S989668 A C
>S989705 G T
>S989777 A C
>S989857 T A
>S989966 A C
>S989995 C G
>S990115 C A
>S990181 T G
>S990217 C G
>S990269 C A
>S990284 T A
>S990403 A C
>S990441 C G
>S990549 T G
>S990566 T G
>S990594 T A
>S990676 T C
>S990736 T G
>S990753 C G
>S990813 T A
>S990873 A C
>S990975 C A
>S991044 A T
>S991091 A G
>S991132 A G
>S991190 C G
>S991407 C G
>S991457 C T
>S991516 C G
>S991546 G C
>S991647 C G
>S991792 G C
>S991829 G T
>S991905 C T
>S991959 C G
>S992072 A G
>S992293 G T
>S992296 C A
>S992373 A C
>S992408 C G
>S992424 G T
>S992479 A T
>S992683 G C
>S992786 C G
>S993044 C A
>S993084 T G
>S993084 T C
>S993112 T A
>S993323 G C
>S993410 T A
>S993535 C A
>S993536 A T
>S993650 T G
>S993853 G C
>S993893 G C
>S993994 T C
>S993996 C T
>S994018 A T
>S994055 C A
>S994137 T G
>S994179 T C
>S994305 T G
>S994353 A C
>S994409 C A
>S994463 T G
>S994519 A G
>S994613 A G
>S994620 T C
>S994729 G A
>S994899 A T
>S994944 G C
>S995177 G C
>S995178 T C
>S995285 T G
>S995401 C G
>S995460 C G
>S995574 T A
>S995582 G A
>S995649 T A
>S995754 C A
>S995756 A C
>S995761 G T
>S995862 T A
>S995993 T A
>S996079 G T
>S996166 T A
>S996241 G A
>S996321 T A
>S996412 A C
>S996466 C G
>S996633 G A
>S996732 G A
>S996739 T A
>S996803 A G
>S996808 C T
>S996890 A T
>S997237 T A
>S997298 A T
>S997299 T G
>S997375 T G
>S997444 T G
>S997456 A C
>S997668 T C
>S997672 C A
>S997776 A T
>S997867 C G
>S997960 T C
>S998026 T A
>S998121 C T
>S998179 C G
>S998180 T C
>S998285 G T
>S998300 A T
>S998354 T A
>S998440 G A
>S998446 G C
>S998524 A G
>S998535 C T
>S998589 C T
>S998632 C T
>S998852 A T
>S998916 T G
>S998917 G T
>S998927 A T
>S999025 C A
>S999236 A C
>S999292 T C
>S999506 T G
>S999672 A C
>S999730 C G
>S999732 A C
>I252 A
>I407 A
>I416 T
>I743 G
>I770 G
>I852 C
>I932 A
>I933 C
>I974 A
>I1039 T
>I1275 T
>I1330 T
>I1451 T
>I1545 T
>I1675 G
>I1719 A
>I1970 A
>I1998 T
>I2026 T
>I2152 A
>I2230 C
>I2325 C
>I2954 T
>I2988 G
>I3126 A
>I3370 C
>I3440 G
>I3441 G
>I3452 A
>I3613 T
>I3730 T
>I3767 C
>I3983 G
>I4131 C
>I4258 A
>I4272 C
>I4581 G
>I4662 A
>I4794 A
>I4878 G
>I4889 A
>I5031 G
>I5348 G
>I5448 A
>I5814 G
>I5876 C
>I5972 A
>I6075 A
>I6087 C
>I6110 C
>I6386 G
>I6619 T
>I6632 C
>I6918 T
>I7168 G
>I7373 G
>I7384 G
>I7460 T
>I7478 T
>I7660 T
>I7661 C
>I7662 A
>I7746 A
>I7815 G
>I7866 C
>I7893 T
>I7894 T
>I7952 C
>I8114 C
>I8141 T
>I8174 G
>I8222 A
>I8235 G
>I8238 T
>I8289 A
>I8346 A
>I8692 G
>I8992 C
>I9383 A
>I9510 A
>I9517 T
>I9656 T
>I9725 A
>I9742 A
>I9796 C
>I9812 T
>I9862 T
>I9882 G
>I10269 T
>I10355 A
>I10492 C
>I10496 A
>I10498 A
>I10583 C
>I10892 G
>I11164 A
>I11175 T
>I11243 C
>I11272 T
>I11325 G
>I11434 A
>I11498 C
>I11621 A
>I11746 C
>I11807 T
>I11920 T
>I11986 G
>I12298 T
>I12626 C
>I12643 C
>I12703 C
>I12719 G
>I12720 C
>I12733 A
>I12761 C
>I12793 A
>I12830 G
>I12897 C
>I13040 A
>I13345 C
>I14154 C
>I14164 C
>I14201 T
>I14277 A
>I14412 G
>I14634 C
>I14790 A
>I14935 G
>I14938 G
>I15182 T
>I15286 A
>I15369 A
>I15673 G
>I15753 G
>I15757 C
>I15983 T
>I16014 T
>I16027 G
>I16093 A
>I16103 G
>I16253 A
>I16303 T
>I16381 C
>I16543 G
>I16719 G
>I16886 G
>I16958 C
>I16962 C
>I16973 A
>I17223 C
>I17285 G
>I17301 C
>I17439 C
>I17544 G
>I17570 G
>I17900 C
>I18068 C
>I18537 T
>I18555 T
>I19155 T
>I19601 T
>I19739 T
>I19746 A
>I20059 G
>I20226 T
>I20338 C
>I20376 C
>I20559 T
>I20625 A
>I20662 A
>I20751 G
>I20768 T
>I21279 C
>I21383 G
>I21467 C
>I21469 T
>I21500 A
>I21502 C
>I21519 A
>I21624 C
>I22036 C
>I22122 A
>I22214 G
>I22396 T
>I22428 G
>I22539 T
>I22967 T
>I23033 G
>I23142 G
>I23655 T
>I23845 A
>I23895 T
>I23981 A
>I23982 C
>I23995 C
>I24035 A
>I24113 G
>I24386 T
>I24571 A
>I24859 C
>I24993 C
>I25914 T
>I25916 C
>I25993 G
>I26005 G
>I26464 C
>I26475 C
>I26482 T
>I26544 G
>I26580 T
>I26705 G
>I26838 A
>I27247 C
>I27354 A
>I27894 A
>I27903 A
>I27967 T
>I28007 C
>I28161 G
>I29703 A
>I29727 G
>I30151 T
>I30230 A
>I30267 G
>I30583 G
>I31139 C
>I31157 C
>I31229 G
>I31487 T
>I31895 G
>I31916 C
>I32070 T
>I32106 G
>I32136 A
>I32579 C
>I32636 C
>I32679 T
>I32854 A
>I33017 A
>I33043 T
>I33140 G
>I33214 A
>I33229 G
>I33313 G
>I33366 C
>I33378 T
>I33423 C
>I33458 A
>I33627 C
>I33761 C
>I34732 G
>I34871 C
>I34899 G
>I34973 C
>I35030 A
>I35068 G
>I35204 G
>I35581 A
>I35929 A
>I36089 C
>I36383 G
>I36514 G
>I36600 G
>I36858 G
>I36971 A
>I37281 C
>I37299 A
>I37355 A
>I37503 A
>I37648 C
>I37709 C
>I37717 T
>I37815 G
>I37816 T
>I37869 G
>I37975 T
>I38002 G
>I38010 C
>I38038 A
>I38278 A
>I38690 G
>I38722 A
>I39874 C
>I40011 A
>I40039 G
>I40628 T
>I40760 G
>I40942 T
>I40990 T
>I41213 T
>I41229 A
>I41437 C
>I41468 A
>I41624 A
>I41631 G
>I41643 C
>I41739 T
>I41773 T
>I41801 C
>I41929 G
>I42081 A
>I42110 A
>I42239 T
>I42280 G
>I42417 T
>I42864 A
>I43227 C
>I43233 G
>I43273 G
>I43321 G
>I43397 C
>I43431 A
>I43612 T
>I43622 C
>I43660 G
>I43879 A
>I43886 C
>I43887 G
>I44006 C
>I44010 C
>I44086 C
>I44209 A
>I44227 C
>I44400 G
>I44459 A
>I44463 A
>I44688 A
>I44697 G
>I45157 C
>I45417 C
>I45424 G
>I45563 T
>I45632 G
>I45875 G
>I45946 C
>I45957 T
>I46075 T
>I46384 T
>I46513 C
>I46585 T
>I46634 C
>I46646 G
>I46926 A
>I47419 A
>I47814 G
>I47818 A
>I47850 T
>I48047 A
>I48255 T
>I48303 A
>I48393 A
>I48501 A
>I48874 A
>I48915 T
>I49054 C
>I49407 C
>I49436 A
>I49537 C
>I49570 A
>I49571 A
>I49987 T
>I50062 C
>I50495 C
>I50589 C
>I50590 G
>I50683 G
>I50699 G
>I50769 A
>I50985 C
>I50991 T
>I51029 C
>I51066 A
>I51405 C
>I51410 T
>I51459 T
>I51467 A
>I51580 T
>I51743 G
>I51944 G
>I51967 G
>I51968 A
>I52247 T
>I52253 A
>I52263 C
>I52334 G
>I52411 C
>I52451 C
>I52509 T
>I52651 A
>I52702 C
>I52740 T
>I52764 T
>I52768 T
>I52832 G
>I52997 C
>I53340 T
>I53438 T
>I53658 A
>I53832 T
>I53879 T
>I53945 C
>I54120 T
>I54163 T
>I54288 C
>I54298 G
>I54516 A
>I54705 T
>I55065 T
>I55233 G
>I55293 G
>I55382 G
>I55438 G
>I55618 C
>I55721 T
>I55762 T
>I55814 A
>I55815 G
>I55816 G
>I55941 A
>I56118 C
>I56265 G
>I56458 A
>I56494 G
>I56515 C
>I56568 A
>I56595 T
>I56597 C
>I56636 T
>I56677 G
>I56810 T
>I56869 C
>I56998 T
>I57169 C
>I57316 C
>I57494 A
>I57760 G
>I57823 C
>I58120 T
>I58342 C
>I58476 C
>I58767 A
>I58782 A
>I58835 G
>I58895 A
>I58998 T
>I59255 T
>I59261 T
>I59377 G
>I59448 A
>I59626 A
>I59861 G
>I60157 A
>I60356 G
>I60372 A
>I60393 T
>I60403 A
>I60436 T
>I60438 T
>I60476 C
>I60523 T
>I60707 C
>I60827 C
>I61072 C
>I61393 A
>I61398 C
>I61430 A
>I61439 A
>I61652 G
>I61813 A
>I61862 T
>I61891 C
>I62193 A
>I62501 A
>I62610 T
>I62708 G
>I62713 T
>I62718 G
>I62794 G
>I62846 C
>I62965 G
>I63066 T
>I63204 T
>I63293 G
>I63299 A
>I63332 A
>I63506 A
>I63569 T
>I63693 C
>I63726 A
>I64193 A
>I64211 A
>I64399 A
>I64626 G
>I64823 T
>I65002 C
>I65025 C
>I65213 T
>I65650 T
>I65816 C
>I65959 C
>I65973 G
>I65985 G
>I66102 T
>I66127 C
>I66145 T
>I66469 C
>I66559 G
>I66571 A
>I66598 G
>I66628 G
>I66893 G
>I66984 T
>I66997 T
>I66999 T
>I67141 G
>I67320 G
>I67458 A
>I67522 C
>I67681 T
>I67748 A
>I67801 T
>I67888 G
>I67914 C
>I67967 T
>I68081 C
>I68442 A
>I68496 T
>I68531 T
>I68662 C
>I69048 C
>I69226 T
>I69569 T
>I69758 G
>I69902 T
>I69987 T
>I70321 A
>I70347 C
>I70501 G
>I70730 C
>I70781 T
>I70872 C
>I70984 A
>I71082 G
>I71150 A
>I71186 T
>I71191 C
>I71214 T
>I71584 T
>I71844 C
>I72128 C
>I72300 T
>I72604 A
>I72696 A
>I72714 G
>I72715 A
>I72832 T
>I72894 T
>I73079 A
>I73084 G
>I73289 C
>I73292 C
>I73375 C
>I73797 C
>I73999 G
>I74294 C
>I74407 T
>I74504 T
>I74659 C
>I74748 G
>I74880 C
>I74919 A
>I75064 T
>I75122 G
>I75225 C
>I75546 C
>I75683 G
>I75827 C
>I75888 G
>I75913 A
>I76076 A
>I76094 A
>I76189 T
>I76726 A
>I76851 T
>I76957 T
>I77131 C
>I77171 C
>I77205 C
>I77257 T
>I77278 T
>I77305 C
>I77484 C
>I77514 C
>I77624 A
>I77802 T
>I77824 T
>I77971 T
>I78131 C
>I78139 A
>I78247 T
>I78452 T
>I78614 G
>I78656 C
>I78710 G
>I78954 C
>I79151 A
>I79237 T
>I79582 C
>I79709 T
>I79757 C
>I79950 T
>I80373 A
>I80502 C
>I80619 C
>I80794 T
>I80810 T
>I80983 T
>I81091 C
>I81299 A
>I81385 A
>I81901 G
>I81945 C
>I82127 C
>I82160 A
>I82172 G
>I82229 T
>I82458 G
>I82534 T
>I82571 C
>I82572 C
>I82603 A
>I83040 T
>I83173 A
>I83284 A
>I83287 T
>I83486 C
>I83541 T
>I83979 G
>I84102 G
>I84202 G
>I84502 G
>I84756 C
>I84862 C
>I84867 C
>I85018 G
>I85088 G
>I85143 A
>I85467 A
>I85703 C
>I86034 T
>I86074 C
>I86093 T
>I86242 T
>I86263 A
>I86285 G
>I86293 G
>I86401 G
>I86445 G
>I86559 T
>I86799 T
>I87233 G
>I87267 A
>I87388 T
>I87590 C
>I87601 C
>I87681 G
>I87866 C
>I87908 C
>I87978 G
>I88066 C
>I88242 T
>I88251 A
>I88515 G
>I88582 C
>I88746 G
>I88787 G
>I88881 C
>I89095 G
>I89160 T
>I89204 T
>I89577 G
>I89595 T
>I89791 G
>I90042 G
>I90251 G
>I90323 T
>I90417 T
>I90567 C
>I90690 A
>I90697 A
>I90973 G
>I91153 G
>I91285 G
>I91431 C
>I91686 T
>I91751 T
>I91790 G
>I91912 A
>I92003 C
>I92049 T
>I92214 C
>I92253 T
>I92428 A
>I92570 G
>I92720 C
>I92761 C
>I92873 C
>I92897 C
>I93204 C
>I93417 A
>I93673 T
>I93776 A
>I94007 G
>I94186 A
>I94198 A
>I94253 A
>I94440 A
>I94567 A
>I94617 T
>I94844 C
>I94907 T
>I95130 A
>I95299 C
>I95453 T
>I95576 T
>I95577 T
>I95620 C
>I95810 G
>I95822 T
>I95942 A
>I95958 T
>I96068 T
>I96186 C
>I96189 C
>I96264 A
>I96472 C
>I96650 T
>I96882 G
>I97188 G
>I97442 C
>I97445 G
>I97447 C
>I97583 G
>I97804 G
>I98013 C
>I98034 T
>I98346 G
>I98361 A
>I98489 A
>I98901 T
>I99038 T
>I99505 G
>I99538 A
>I99693 C
>I99931 G
>I99951 A
>I100205 A
>I100299 A
>I100364 G
>I100516 T
>I100869 T
>I100890 G
>I101011 C
>I101048 T
>I101057 T
>I101171 A
>I101177 A
>I101247 A
>I101399 A
>I101520 C
>I101526 C
>I101530 T
>I101876 C
>I101976 C
>I102137 G
>I102306 T
>I102524 A
>I102648 T
>I102973 A
>I103221 C
>I103279 C
>I103438 G
>I103539 T
>I103743 G
>I104004 A
>I104063 T
>I104109 C
>I104381 A
>I104403 C
>I104433 G
>I104577 G
>I104600 G
>I104734 G
>I104837 C
>I104847 C
>I104868 T
>I105252 G
>I105370 A
>I105580 T
>I105644 G
>I106062 G
>I106137 G
>I106707 C
>I106731 G
>I107016 G
>I107171 T
>I107285 C
>I107308 A
>I107365 A
>I107435 G
>I107648 G
>I107834 A
>I107912 T
>I107968 G
>I108090 A
>I108471 T
>I108574 T
>I108885 T
>I108975 G
>I109018 T
>I109049 T
>I109267 A
>I109299 A
>I109371 C
>I109534 A
>I109586 C
>I109809 A
>I110086 G
>I110217 G
>I110542 T
>I110582 G
>I110588 C
>I110626 C
>I110730 T
>I110854 C
>I110870 C
>I111088 T
>I111381 C
>I111416 C
>I111771 A
>I111782 G
>I111821 C
>I111836 A
>I111862 T
>I111919 G
>I112081 A
>I112083 C
>I112152 T
>I112246 A
>I112324 C
>I112866 A
>I113045 C
>I113081 A
>I113101 G
>I113253 C
>I113323 G
>I113404 T
>I113578 G
>I113643 T
>I113761 C
>I113783 T
>I113959 C
>I113978 C
>I114008 C
>I114014 G
>I114016 A
>I114086 G
>I114120 G
>I114176 G
>I114330 G
>I114437 C
>I114593 G
>I114977 A
>I114981 G
>I115107 T
>I115153 G
>I115414 A
>I115509 T
>I115643 C
>I115802 C
>I115974 G
>I115994 A
>I116003 T
>I116261 G
>I116431 A
>I116439 A
>I116648 T
>I116674 C
>I116813 C
>I116825 T
>I117006 C
>I117264 C
>I117563 C
>I117665 C
>I118075 C
>I118087 A
>I118178 C
>I118344 T
>I118432 A
>I118531 A
>I118565 C
>I118573 C
>I118795 A
>I118813 A
>I118833 A
>I118861 A
>I118867 G
>I118918 A
>I118969 C
>I118973 C
>I119533 A
>I119722 A
>I119782 C
>I119984 T
>I120053 A
>I120152 A
>I120286 T
>I120414 G
>I120814 G
>I120917 C
>I120920 A
>I120969 A
>I121256 C
>I121280 A
>I121506 T
>I121537 T
>I121785 G
>I121882 A
>I121904 G
>I122264 T
>I122486 A
>I122508 C
>I122535 A
>I122655 C
>I122902 T
>I122913 T
>I122923 T
>I122984 C
>I123010 G
>I123065 T
>I123089 T
>I123121 A
>I123340 T
>I123727 G
>I123853 T
>I123961 T
>I123999 G
>I124034 T
>I124141 C
>I124340 A
>I124384 A
>I124688 C
>I124894 T
>I124977 G
>I124989 T
>I125108 G
>I125205 C
>I125231 C
>I125232 G
>I125240 A
>I125305 A
>I125356 A
>I125369 G
>I125790 G
>I125941 C
>I126036 A
>I126277 G
>I126359 G
>I126615 C
>I126640 G
>I126984 G
>I127302 G
>I127545 A
>I127813 G
>I127972 A
>I128038 T
>I128232 C
>I128429 G
>I128434 G
>I128457 G
>I128541 T
>I129028 G
>I129272 G
>I129276 G
>I129280 G
>I129290 G
>I129628 G
>I130254 A
>I130325 G
>I130481 T
>I130485 T
>I130495 T
>I130496 C
>I130620 G
>I130692 T
>I130798 T
>I131198 A
>I131218 G
>I131222 G
>I131414 T
>I131581 C
>I131700 A
>I131941 G
>I131953 G
>I132174 A
>I132210 G
>I132369 C
>I132397 C
>I132401 C
>I132738 C
>I132756 C
>I132994 C
>I133023 T
>I133066 C
>I133081 A
>I133222 A
>I133224 A
>I133227 T
>I133228 C
>I133354 C
>I133651 C
>I133825 C
>I134216 T
>I134233 C
>I134236 A
>I134270 T
>I134477 T
>I134568 G
>I134640 T
>I134892 A
>I135001 A
>I135088 T
>I135113 G
>I135118 C
>I135164 A
>I135175 T
>I135522 A
>I135870 A
>I136009 C
>I136016 G
>I136375 T
>I136387 G
>I136436 T
>I136484 C
>I136494 T
>I137259 T
>I137459 G
>I137602 T
>I137680 T
>I137686 G
>I137954 T
>I138214 C
>I138255 C
>I138296 C
>I138438 T
>I138526 A
>I138668 C
>I138841 G
>I138964 G
>I139004 G
>I139013 G
>I139235 A
>I139444 G
>I139448 G
>I139514 A
>I139806 T
>I139882 T
>I140049 A
>I140132 A
>I140133 G
>I140232 A
>I140344 T
>I140410 T
>I140437 A
>I140491 T
>I140632 G
>I140927 G
>I140928 G
>I140961 A
>I140996 A
>I141032 A
>I141159 G
>I141215 A
>I141900 T
>I141943 T
>I142015 A
>I142111 G
>I142207 C
>I142212 T
>I142370 A
>I142473 C
>I142479 C
>I142482 C
>I142654 C
>I142859 T
>I142867 A
>I142884 T
>I143185 A
>I143237 C
>I143492 C
>I143508 C
>I143933 C
>I143937 A
>I144077 T
>I144233 T
>I144665 A
>I144742 A
>I144885 T
>I144895 C
>I144906 T
>I145001 G
>I145209 C
>I145755 G
>I145910 G
>I146007 A
>I146161 A
>I146181 C
>I146336 G
>I146397 G
>I146479 C
>I146512 T
>I146538 C
>I146749 T
>I146880 C
>I146902 C
>I146989 T
>I147001 A
>I147025 C
>I147035 C
>I147071 A
>I147142 T
>I147294 A
>I147521 T
>I147589 T
>I147657 C
>I147839 T
>I148103 C
>I148130 G
>I148144 A
>I148254 C
>I148306 G
>I148406 T
>I148425 C
>I148439 T
>I148602 A
>I148614 C
>I149237 G
>I149262 A
>I149324 G
>I149649 C
>I149799 A
>I149986 G
>I150143 T
>I150151 T
>I150308 G
>I150345 G
>I150346 C
>I151029 A
>I151094 A
>I151116 T
>I151177 C
>I151251 A
>I151294 T
>I151484 G
>I151516 C
>I151517 T
>I151692 T
>I152072 T
>I152092 A
>I152143 G
>I152316 T
>I152376 C
>I152394 C
>I152503 G
>I152865 A
>I152874 T
>I152880 C
>I153016 A
>I153367 G
>I153425 T
>I153721 T
>I153764 C
>I154146 C
>I154222 A
>I154572 A
>I154585 G
>I154721 G
>I154786 T
>I154849 A
>I155106 T
>I155193 C
>I155200 C
>I155207 C
>I155244 A
>I155308 A
>I155312 G
>I155421 T
>I155538 G
>I155893 C
>I156144 G
>I156216 A
>I156259 T
>I156461 A
>I156626 G
>I156930 T
>I157036 C
>I157049 A
>I157235 A
>I157314 T
>I157409 T
>I157485 G
>I157487 C
>I157798 C
>I157803 G
>I157869 G
>I158072 A
>I158091 A
>I158617 G
>I158720 A
>I158743 T
>I158773 C
>I158877 C
>I159070 C
>I159337 C
>I159358 G
>I159362 T
>I159442 A
>I159539 G
>I159540 G
>I159559 C
>I159560 A
>I159563 T
>I159658 A
>I159668 T
>I159672 A
>I159775 G
>I160049 T
>I160073 A
>I160132 C
>I160351 C
>I160569 C
>I160608 C
>I160768 T
>I160780 G
>I160879 G
>I161072 A
>I161107 C
>I161230 T
>I161292 T
>I161436 C
>I161907 A
>I162207 C
>I162245 A
>I162392 T
>I162467 T
>I162825 A
>I162884 T
>I162887 G
>I162898 G
>I162899 T
>I163526 C
>I163537 A
>I163630 A
>I163673 A
>I163781 A
>I163784 T
>I163954 G
>I163964 G
>I164112 G
>I164138 T
>I164378 A
>I164506 C
>I164779 G
>I164830 T
>I164953 A
>I165080 A
>I165407 T
>I165519 G
>I165530 A
>I165800 C
>I165917 G
>I165940 T
>I166177 G
>I166351 A
>I166526 T
>I166704 A
>I166799 G
>I166934 G
>I166937 G
>I167490 A
>I167592 G
>I167646 G
>I167777 C
>I167852 G
>I168133 A
>I168245 A
>I168360 G
>I168366 G
>I168386 G
>I168544 A
>I168558 C
>I168604 G
>I168622 A
>I168664 G
>I168732 G
>I168839 A
>I168956 G
>I168969 T
>I168993 A
>I169167 T
>I169215 A
>I169303 C
>I169305 T
>I169705 C
>I169784 A
>I169969 G
>I170070 G
>I170233 G
>I170328 A
>I170577 A
>I170658 T
>I170736 C
>I170896 T
>I170897 T
>I170904 G
>I171083 G
>I171282 A
>I171575 C
>I171614 G
>I171696 T
>I171710 A
>I171818 T
>I172295 C
>I172334 G
>I172383 A
>I172434 C
>I172478 G
>I172652 A
>I172991 G
>I173082 T
>I173092 T
>I173321 C
>I173553 A
>I173630 G
>I173671 A
>I173823 A
>I173880 G
>I174032 G
>I174040 C
>I174133 A
>I174302 G
>I174351 G
>I174533 T
>I174561 G
>I174722 C
>I174785 G
>I175106 C
>I175169 A
>I175272 G
>I175355 T
>I175385 G
>I175501 C
>I175581 A
>I175597 A
>I175665 A
>I175739 A
>I175867 T
>I175903 G
>I176135 A
>I176171 T
>I176266 T
>I176352 T
>I176380 A
>I176585 G
>I176595 G
>I176973 T
>I177293 A
>I177365 A
>I177774 T
>I177824 A
>I177932 G
>I178042 G
>I178191 C
>I178238 T
>I178339 G
>I178363 C
>I178372 T
>I178428 G
>I178549 G
>I178596 T
>I179001 G
>I179298 G
>I179371 G
>I179685 G
>I179749 A
>I179769 A
>I179878 A
>I180030 G
>I180177 T
>I180250 G
>I180274 C
>I180275 T
>I180385 C
>I180434 G
>I180440 T
>I180454 G
>I180599 A
>I180901 T
>I180950 T
>I181010 C
>I181152 A
>I181171 C
>I181265 G
>I181297 A
>I181393 G
>I181431 T
>I181468 C
>I181724 C
>I181737 A
>I182107 G
>I182118 C
>I182548 A
>I182586 A
>I182589 A
>I182929 G
>I183093 G
>I183146 G
>I183181 G
>I183190 A
>I183300 T
>I183365 G
>I183458 G
>I183621 C
>I183690 C
>I184029 C
>I184256 T
>I184343 T
>I184463 T
>I184508 G
>I184579 A
>I184910 G
>I185025 A
>I185191 C
>I185280 C
>I185367 C
>I185423 C
>I185690 T
>I185695 G
>I185716 C
>I185844 A
>I185998 G
>I186030 C
>I186078 G
>I186299 A
>I186602 T
>I186676 C
>I186813 A
>I186831 T
>I187005 A
>I187009 T
>I187023 C
>I187044 A
>I187101 T
>I187108 T
>I187139 C
>I187162 A
>I187202 C
>I187284 G
>I187451 A
>I187641 C
>I187684 C
>I187784 T
>I187808 G
>I188252 G
>I188522 C
>I188627 C
>I188662 T
>I188665 G
>I188693 G
>I188786 T
>I188904 G
>I188960 A
>I189338 C
>I189594 T
>I189763 G
>I190065 C
>I190087 G
>I190203 T
>I190206 C
>I190455 A
>I190704 G
>I190782 T
>I190790 G
>I191286 T
>I191296 T
>I191491 C
>I191514 T
>I191576 C
>I191590 G
>I191649 G
>I191661 G
>I191688 A
>I191793 A
>I191888 A
>I192225 T
>I192253 T
>I192261 G
>I192372 G
>I192437 A
>I192601 T
>I192661 C
>I192693 T
>I192825 C
>I193208 A
>I193221 A
>I193451 C
>I193671 T
>I193672 T
>I193769 C
>I193813 A
>I193817 C
>I193851 G
>I193866 G
>I193867 G
>I194063 C
>I194262 T
>I194985 T
>I195160 A
>I195318 C
>I195346 A
>I195399 T
>I195567 C
>I195617 G
>I195628 T
>I195658 T
>I195911 A
>I195925 C
>I196077 G
>I196094 C
>I196279 G
>I196368 C
>I196634 T
>I196737 A
>I197203 A
>I197490 C
>I197780 A
>I197787 A
>I197950 A
>I197967 G
>I198349 T
>I198423 C
>I198491 C
>I198671 T
>I199084 G
>I199378 T
>I199482 T
>I199521 C
>I199693 G
>I199742 C
>I199796 A
>I199885 A
>I199911 T
>I199912 G
>I199973 T
>I200182 A
>I200521 T
>I200552 C
>I200577 A
>I200614 C
>I200732 G
>I200813 A
>I200918 T
>I201098 A
>I201204 C
>I201273 T
>I201352 C
>I201441 G
>I201472 T
>I201613 A
>I201729 A
>I201730 C
>I201936 C
>I201941 T
>I201984 C
>I202052 C
>I202348 T
>I202594 G
>I202622 T
>I202732 A
>I203054 G
>I203186 T
>I203268 C
>I203411 G
>I203456 G
>I203523 T
>I203579 A
>I203589 C
>I203598 C
>I203994 T
>I204020 C
>I204112 G
>I204123 C
>I204326 T
>I204944 G
>I204958 A
>I205017 T
>I205113 A
>I205289 T
>I205333 C
>I205529 C
>I205563 G
>I205792 T
>I205796 C
>I205921 T
>I205922 T
>I206049 A
>I206212 G
>I206220 G
>I206235 T
>I206285 G
>I206290 T
>I206372 G
>I206380 A
>I206418 C
>I206554 A
>I206639 A
>I206668 C
>I206732 C
>I206739 G
>I206880 C
>I207166 T
>I207224 G
>I207412 A
>I207525 T
>I207583 A
>I208027 T
>I208071 C
>I208076 G
>I208112 T
>I208140 T
>I208199 A
>I208522 C
>I208605 A
>I208668 G
>I208720 C
>I208730 T
>I208737 C
>I208745 A
>I208749 T
>I209091 G
>I209175 C
>I209176 G
>I209201 G
>I209293 T
>I209371 C
>I209408 A
>I209630 C
>I209684 C
>I209977 A
>I210060 A
>I210179 A
>I210246 A
>I210300 G
>I210333 A
>I210488 T
>I210653 T
>I210688 A
>I210725 G
>I210870 A
>I210962 G
>I210982 C
>I211068 T
>I211435 T
>I211497 T
>I211601 C
>I211685 G
>I211748 C
>I211788 C
>I211962 A
>I211993 C
>I212661 T
>I212678 A
>I212720 A
>I212769 G
>I212780 C
>I212950 C
>I213029 T
>I213049 A
>I213360 A
>I213627 C
>I214026 G
>I214053 C
>I214176 C
>I214321 A
>I214326 C
>I214329 C
>I214344 A
>I214534 G
>I214536 T
>I214669 C
>I214695 T
>I215310 G
>I215442 T
>I215453 A
>I215458 C
>I215540 A
>I215613 G
>I216174 A
>I216179 G
>I216188 T
>I216202 C
>I216293 C
>I216441 T
>I216477 G
>I216481 C
>I216553 A
>I216670 T
>I216883 A
>I217431 A
>I217538 A
>I217558 T
>I217688 T
>I217961 C
>I218094 G
>I218126 C
>I218160 G
>I218202 C
>I218282 T
>I218296 C
>I218301 A
>I218533 A
>I218617 G
>I218678 T
>I218753 C
>I218857 G
>I218905 G
>I219320 A
>I219413 T
>I219436 A
>I219454 C
>I219744 T
>I219777 C
>I219780 A
>I219823 C
>I219878 A
>I220026 C
>I220030 C
>I220033 C
>I220175 A
>I220176 A
>I220348 A
>I220542 G
>I220626 C
>I220716 C
>I220717 A
>I220742 A
>I220985 C
>I221160 T
>I221164 C
>I221172 A
>I221199 G
>I221415 T
>I221899 T
>I221998 G
>I222074 T
>I222116 G
>I222125 C
>I222129 G
>I222299 C
>I222302 G
>I222314 G
>I222319 T
>I222344 T
>I222368 G
>I222628 C
>I222783 G
>I222805 G
>I222807 T
>I222974 A
>I223072 T
>I223195 T
>I223204 G
>I223356 C
>I223613 T
>I223769 C
>I223773 A
>I223862 A
>I223885 A
>I223955 A
>I223961 G
>I224368 G
>I224375 G
>I224636 C
>I224996 G
>I225089 T
>I225266 A
>I225276 A
>I225388 A
>I225448 G
>I225639 T
>I225801 G
>I225910 G
>I226303 C
>I226939 G
>I227471 G
>I227503 T
>I227775 G
>I227791 A
>I227848 C
>I228064 T
>I228261 C
>I228447 A
>I228462 A
>I228510 T
>I228636 C
>I228879 T
>I228893 T
>I229063 T
>I229094 T
>I229703 T
>I229832 T
>I229886 C
>I229901 C
>I229983 T
>I230034 A
>I230306 C
>I230319 T
>I230398 G
>I230409 A
>I230486 G
>I230515 T
>I230562 A
>I230720 A
>I230772 T
>I230873 T
>I231187 G
>I231212 C
>I231223 C
>I231265 C
>I231418 A
>I231463 C
>I231527 G
>I231528 A
>I231595 A
>I231599 C
>I231660 T
>I231753 C
>I232176 A
>I232367 C
>I232399 G
>I232800 A
>I233063 T
>I233450 A
>I233633 G
>I233698 G
>I234010 G
>I234026 G
>I234142 T
>I234335 T
>I234401 G
>I234691 A
>I234932 C
>I234947 T
>I234986 T
>I235011 A
>I235319 C
>I235321 G
>I235330 A
>I235395 C
>I235412 G
>I235416 G
>I235547 T
>I235599 G
>I235679 A
>I235769 C
>I235827 C
>I235954 T
>I236077 A
>I236229 G
>I236333 T
>I236360 C
>I236397 A
>I236421 T
>I236542 G
>I236610 C
>I236617 A
>I236897 G
>I237173 G
>I237190 T
>I237211 A
>I237454 A
>I237474 C
>I237785 C
>I237885 T
>I237888 A
>I237943 C
>I238050 C
>I238102 G
>I238251 C
>I238311 C
>I238396 A
>I238719 A
>I238760 G
>I238852 A
>I239098 C
>I239304 C
>I239381 G
>I239553 G
>I239593 G
>I239660 T
>I239756 G
>I239893 C
>I240265 G
>I240460 A
>I240485 A
>I240555 T
>I240581 C
>I240772 C
>I240785 C
>I241060 C
>I241263 G
>I241363 A
>I241442 T
>I241459 A
>I241597 T
>I241660 C
>I241701 C
>I241760 C
>I241869 G
>I242057 T
>I242097 C
>I242172 A
>I242243 T
>I242272 C
>I242274 A
>I242397 G
>I242775 G
>I243050 C
>I243583 A
>I243587 C
>I243742 G
>I243865 C
>I243983 A
>I244066 C
>I244137 C
>I244188 T
>I244513 T
>I244535 G
>I244716 C
>I244766 T
>I244866 C
>I245036 T
>I245037 T
>I245099 A
>I245168 C
>I245187 A
>I245234 G
>I245260 T
>I245295 C
>I245300 A
>I245416 C
>I245491 A
>I245522 C
>I245556 G
>I245677 T
>I245688 A
>I245755 A
>I245759 A
>I245779 G
>I245935 A
>I245959 G
>I246062 C
>I246076 T
>I246081 C
>I246208 C
>I246235 A
>I246383 C
>I246496 G
>I247047 T
>I247102 C
>I247165 G
>I247288 A
>I247335 C
>I247543 C
>I247711 T
>I247722 A
>I247950 T
>I248044 T
>I248431 T
>I248594 G
>I248772 C
>I248872 T
>I248978 C
>I249000 G
>I249141 C
>I249148 T
>I249161 T
>I249307 T
>I249382 G
>I249479 T
>I249558 T
>I249825 T
>I249833 A
>I249887 G
>I250282 C
>I250374 T
>I250596 C
>I250639 A
>I250671 T
>I250855 T
>I251064 T
>I251582 T
>I251787 G
>I251830 G
>I251924 A
>I251929 G
>I252038 G
>I252047 A
>I252091 T
>I252092 G
>I252204 T
>I252210 A
>I252327 C
>I252336 G
>I252548 T
>I252945 G
>I253148 T
>I253641 C
>I253642 C
>I253694 C
>I253843 C
>I253972 A
>I254161 T
>I254455 G
>I254490 C
>I254514 A
>I254602 C
>I254669 A
>I254761 C
>I254991 A
>I255267 C
>I255287 T
>I255410 A
>I255476 C
>I255938 A
>I256063 C
>I256237 T
>I256399 T
>I256457 G
>I256485 C
>I256560 A
>I256659 C
>I257201 A
>I257424 G
>I257527 A
>I257678 A
>I257809 G
>I257953 A
>I258044 G
>I258050 A
>I258134 C
>I258388 A
>I258728 T
>I258859 T
>I258922 G
>I259110 T
>I259113 T
>I259135 C
>I259397 C
>I259452 A
>I259646 G
>I259652 G
>I259764 C
>I259767 T
>I259826 C
>I259964 T
>I260179 T
>I260417 A
>I261075 C
>I261239 C
>I261248 A
>I261382 T
>I261477 C
>I261646 G
>I261703 A
>I261754 G
>I261989 G
>I262024 T
>I262362 G
>I262451 C
>I262520 T
>I262539 G
>I262583 A
>I262654 G
>I262716 G
>I262761 A
>I262799 A
>I263047 G
>I263144 T
>I263296 A
>I263473 T
>I263623 T
>I264136 T
>I264233 G
>I264330 T
>I264417 C
>I264646 T
>I264825 T
>I264921 T
>I265147 T
>I265213 C
>I265303 G
>I265431 A
>I265461 T
>I265466 C
>I265704 T
>I265771 T
>I265780 C
>I265919 A
>I265968 C
>I266017 T
>I266053 T
>I266484 A
>I266568 C
>I266635 G
>I266685 C
>I267023 C
>I267035 T
>I267072 C
>I267166 G
>I267203 G
>I267554 G
>I267689 G
>I267761 G
>I267852 T
>I267939 A
>I268070 C
>I268351 A
>I268489 T
>I268616 C
>I268853 G
>I268870 T
>I268895 A
>I268980 G
>I269013 G
>I269020 C
>I269114 A
>I269204 A
>I269311 C
>I269522 G
>I269608 G
>I269923 C
>I270005 A
>I270048 C
>I270104 G
>I270111 C
>I270118 T
>I270231 T
>I270238 A
>I270289 C
>I270687 C
>I270874 T
>I271176 A
>I271214 T
>I271404 G
>I271411 T
>I271461 T
>I271548 G
>I271683 G
>I271695 T
>I271755 T
>I271824 A
>I271892 A
>I272030 G
>I272120 G
>I272208 G
>I272256 C
>I272499 A
>I272790 C
>I272862 C
>I273092 A
>I273138 T
>I273145 A
>I273258 G
>I273383 G
>I273402 C
>I273758 C
>I273885 T
>I274075 G
>I274872 T
>I275145 G
>I275257 G
>I275506 T
>I275548 T
>I275648 C
>I275835 A
>I275842 A
>I276012 A
>I276043 G
>I276132 T
>I276212 C
>I276267 T
>I276373 G
>I276377 T
>I276437 A
>I276502 T
>I276516 T
>I276571 A
>I276934 C
>I276947 C
>I277009 G
>I277057 G
>I277078 T
>I277293 G
>I277395 C
>I277570 T
>I277669 C
>I277758 G
>I277767 C
>I277955 G
>I277973 C
>I278100 C
>I278367 G
>I278487 C
>I278498 A
>I278522 A
>I278683 G
>I278802 C
>I278920 G
>I278940 G
>I279052 T
>I279321 T
>I279505 C
>I279709 A
>I279741 A
>I279742 G
>I279753 G
>I279893 A
>I280213 A
>I280297 G
>I280486 T
>I280752 C
>I280804 T
>I281169 A
>I281250 A
>I281432 C
>I281487 G
>I281503 G
>I281596 T
>I281628 A
>I281634 C
>I281757 T
>I282262 A
>I282369 C
>I282472 G
>I282489 G
>I282700 C
>I282851 T
>I282958 A
>I283319 G
>I283404 T
>I283499 C
>I283783 C
>I283799 C
>I283919 G
>I284102 C
>I284126 A
>I284464 A
>I284587 C
>I284623 G
>I284716 A
>I285362 T
>I285565 A
>I285696 A
>I285811 C
>I285849 T
>I286018 G
>I286150 A
>I286151 G
>I286206 G
>I286219 G
>I286264 G
>I286650 A
>I286756 A
>I286827 A
>I287307 G
>I287404 G
>I287589 A
>I287590 G
>I287865 G
>I287882 C
>I288478 G
>I288545 A
>I288598 G
>I288652 A
>I288783 G
>I288834 C
>I288955 C
>I288996 G
>I289172 T
>I289459 A
>I289480 T
>I289874 C
>I290133 C
>I290150 A
>I290208 A
>I290295 C
>I290367 C
>I290381 T
>I290390 G
>I290429 G
>I290517 A
>I290751 G
>I290877 T
>I290895 A
>I290960 C
>I291115 A
>I291145 A
>I291187 T
>I291532 G
>I291542 T
>I292213 G
>I292238 C
>I292430 G
>I292621 G
>I292738 G
>I292765 C
>I292775 T
>I293079 A
>I293294 T
>I293579 C
>I293842 A
>I293859 G
>I294037 A
>I294043 G
>I294076 C
>I294078 C
>I294530 C
>I295121 T
>I295236 G
>I295274 T
>I295384 G
>I295516 T
>I295588 G
>I295628 A
>I295649 G
>I295698 C
>I295840 T
>I295968 T
>I296087 A
>I296186 G
>I296370 G
>I296519 A
>I296523 G
>I296531 A
>I296567 T
>I296641 G
>I296659 A
>I296750 T
>I296939 A
>I297030 T
>I297235 G
>I297354 A
>I297452 C
>I297708 G
>I297810 C
>I297874 C
>I298103 T
>I298214 C
>I298616 T
>I298682 G
>I298860 G
>I299015 C
>I299193 T
>I299194 G
>I299538 G
>I299690 G
>I299836 A
>I299881 C
>I300170 C
>I300407 C
>I300453 G
>I300560 A
>I300643 T
>I300651 T
>I300766 C
>I300865 C
>I301122 A
>I301315 G
>I301345 A
>I301349 C
>I301492 G
>I301560 C
>I301749 C
>I301962 C
>I302036 G
>I302135 G
>I302147 C
>I302179 G
>I302319 T
>I302503 T
>I302508 C
>I302530 C
>I302536 G
>I302946 G
>I303042 G
>I303044 G
>I303092 G
>I303128 T
>I303257 A
>I303397 G
>I303412 T
>I303587 T
>I303749 A
>I303771 G
>I304259 A
>I304284 G
>I304296 C
>I304584 A
>I304749 G
>I305080 T
>I305337 G
>I305361 G
>I305821 T
>I305853 C
>I305901 G
>I306193 T
>I306259 C
>I306429 T
>I306472 C
>I306609 G
>I306807 A
>I306810 C
>I306863 G
>I307011 T
>I307153 G
>I307166 C
>I307235 G
>I307267 C
>I307454 C
>I307562 T
>I307784 T
>I307934 T
>I308237 G
>I308653 G
>I308707 A
>I308879 A
>I308883 T
>I308938 T
>I308958 C
>I308971 T
>I309118 C
>I309411 G
>I309412 T
>I309465 T
>I309525 A
>I309567 A
>I309620 A
>I309817 G
>I310071 C
>I310136 C
>I310402 G
>I310405 A
>I310557 G
>I310664 C
>I310677 A
>I310777 A
>I310788 T
>I310789 C
>I310818 G
>I310842 T
>I310843 T
>I310922 T
>I311205 C
>I311457 T
>I311606 C
>I311652 G
>I311968 C
>I312241 G
>I312356 G
>I312600 A
>I312831 G
>I312880 C
>I313019 T
>I313296 C
>I313579 C
>I313638 C
>I313737 T
>I313820 C
>I313980 A
>I314231 A
>I314310 A
>I314365 A
>I314406 A
>I314418 A
>I314471 A
>I314502 T
>I314525 T
>I314656 T
>I314723 A
>I314740 A
>I314749 C
>I314887 T
>I315056 A
>I315176 A
>I315314 T
>I315317 A
>I315491 C
>I315770 G
>I315853 T
>I315934 A
>I315937 T
>I316034 A
>I316071 T
>I316082 G
>I316226 C
>I316284 A
>I316309 C
>I316369 T
>I316414 C
>I316595 T
>I316596 T
>I316605 A
>I316772 C
>I316791 C
>I316864 T
>I316868 C
>I316996 C
>I317164 C
>I317376 T
>I317545 T
>I317614 G
>I317641 C
>I317672 T
>I317777 G
>I317783 C
>I317943 T
>I317975 T
>I318660 G
>I318671 T
>I319082 C
>I319134 A
>I319197 G
>I319251 T
>I319332 T
>I319502 T
>I319621 T
>I319724 A
>I319742 G
>I319744 T
>I319797 A
>I319863 A
>I320159 A
>I320557 T
>I320565 A
>I320941 G
>I320948 A
>I320951 G
>I321000 A
>I321004 A
>I322208 T
>I322215 T
>I322306 G
>I322384 T
>I322504 A
>I322507 A
>I322534 T
>I322844 G
>I322870 C
>I323051 G
>I323078 C
>I323276 A
>I323358 C
>I323521 A
>I323530 A
>I323554 T
>I323641 C
>I323644 A
>I323647 A
>I323795 A
>I324032 C
>I324230 C
>I324386 C
>I324405 A
>I324406 G
>I324590 T
>I324592 G
>I324739 C
>I324897 A
>I324967 T
>I325001 G
>I325014 T
>I325015 T
>I325025 A
>I325094 C
>I325284 G
>I325953 G
>I326031 G
>I326072 T
>I326186 T
>I326461 G
>I326495 T
>I326576 A
>I326741 A
>I326758 A
>I326768 G
>I327040 T
>I327162 G
>I327249 G
>I327347 A
>I327474 C
>I327536 A
>I327847 C
>I327917 A
>I327999 T
>I328276 T
>I328745 T
>I329005 C
>I329046 C
>I329178 G
>I329367 G
>I329389 T
>I329397 T
>I329452 C
>I329481 C
>I329520 G
>I329540 C
>I329666 T
>I329756 A
>I329764 T
>I329930 T
>I329984 T
>I330085 C
>I330264 C
>I330329 G
>I330681 A
>I330972 A
>I331103 G
>I331233 A
>I331381 A
>I331492 A
>I331564 A
>I332157 C
>I332267 G
>I332737 T
>I333065 C
>I333164 C
>I333237 C
>I333282 A
>I333316 T
>I333477 C
>I333684 G
>I333765 A
>I333814 C
>I333882 C
>I334260 C
>I334471 G
>I334551 T
>I334617 T
>I334676 C
>I334936 T
>I335503 A
>I335510 A
>I335607 G
>I335724 G
>I335985 G
>I336030 A
>I336267 C
>I336736 C
>I336836 A
>I336844 A
>I336850 A
>I336854 G
>I337459 T
>I337569 G
>I337648 A
>I337705 C
>I337823 T
>I337931 G
>I337982 T
>I338032 A
>I338101 A
>I338112 G
>I338249 C
>I338319 C
>I338361 A
>I338396 T
>I338400 A
>I338532 T
>I338587 C
>I338760 C
>I338812 G
>I338862 T
>I339024 T
>I339275 T
>I339360 C
>I339427 G
>I339463 G
>I339479 G
>I339547 G
>I339840 T
>I339911 C
>I340025 T
>I340140 A
>I340213 A
>I340269 A
>I340317 C
>I340500 C
>I340717 G
>I340747 C
>I340969 A
>I340983 C
>I341360 T
>I341679 C
>I341720 C
>I341758 C
>I341821 A
>I341958 T
>I342228 A
>I342330 A
>I342342 T
>I342383 T
>I342438 A
>I342523 C
>I342669 C
>I342872 A
>I342971 T
>I343186 G
>I343432 A
>I343520 C
>I343585 G
>I343776 C
>I343858 T
>I343864 G
>I343926 T
>I343929 T
>I344009 T
>I344198 T
>I344323 T
>I344753 A
>I344788 T
>I344966 T
>I345172 T
>I345245 A
>I345391 T
>I345462 T
>I345496 T
>I345845 A
>I346392 C
>I346396 C
>I346421 T
>I346484 T
>I346516 T
>I346522 T
>I347163 A
>I347262 A
>I347497 C
>I347589 G
>I347631 T
>I347639 C
>I347719 C
>I347731 G
>I347843 T
>I348134 G
>I348235 A
>I348265 A
>I348277 G
>I348450 A
>I348490 C
>I348507 C
>I348568 G
>I348705 C
>I348728 G
>I348773 T
>I349045 T
>I349117 C
>I349264 A
>I349265 A
>I349275 C
>I349353 A
>I349402 A
>I349742 T
>I349754 C
>I349825 C
>I349991 G
>I350320 A
>I350841 A
>I350936 A
>I351057 T
>I351100 C
>I351280 T
>I351322 G
>I351385 G
>I351474 C
>I351580 G
>I351601 G
>I351664 G
>I351799 T
>I352172 C
>I352536 C
>I352570 T
>I352579 C
>I352853 G
>I353101 T
>I353149 A
>I353166 A
>I353230 A
>I353323 A
>I353350 C
>I353370 A
>I353433 T
>I353643 C
>I353657 G
>I353689 A
>I353702 T
>I354430 G
>I354522 C
>I354567 C
>I354619 A
>I354970 A
>I354985 G
>I355002 T
>I355025 G
>I355066 G
>I355069 G
>I355388 C
>I355568 T
>I355624 G
>I356077 A
>I356344 T
>I357097 C
>I357382 T
>I357915 C
>I358014 A
>I358026 T
>I358034 C
>I358142 C
>I358461 T
>I358482 A
>I358511 T
>I358588 C
>I358626 A
>I358934 C
>I359333 G
>I359370 A
>I359464 C
>I359468 T
>I359786 A
>I359787 A
>I360074 G
>I360219 G
>I360237 G
>I360355 G
>I360435 C
>I360522 C
>I360525 G
>I360560 T
>I360574 C
>I360615 A
>I360643 T
>I361000 A
>I361048 T
>I361168 C
>I361250 T
>I361256 G
>I361412 T
>I361512 G
>I361554 G
>I361637 T
>I361705 C
>I361828 T
>I362172 G
>I362180 A
>I362558 A
>I362792 A
>I363092 T
>I363638 C
>I364028 T
>I364214 C
>I364246 T
>I364447 T
>I364482 A
>I364640 G
>I364964 G
>I364999 G
>I365249 A
>I365831 T
>I365939 G
>I365984 C
>I366285 G
>I366356 A
>I366868 A
>I367156 A
>I367219 C
>I367529 G
>I367698 G
>I367736 A
>I367737 C
>I367968 C
>I368184 C
>I368295 G
>I368589 C
>I368602 A
>I368658 G
>I368738 A
>I368763 T
>I368883 C
>I368977 C
>I369067 A
>I369119 G
>I369129 T
>I369300 C
>I369511 A
>I370150 G
>I370176 G
>I370294 T
>I370387 A
>I370687 G
>I370816 C
>I370818 G
>I371077 T
>I371150 T
>I371199 A
>I371578 T
>I371696 T
>I372012 T
>I372043 T
>I372044 G
>I372070 G
>I372105 A
>I372374 T
>I372385 C
>I372603 C
>I372845 A
>I372858 A
>I372873 G
>I373168 A
>I373351 A
>I373831 T
>I373903 A
>I373961 G
>I373987 A
>I374076 C
>I374288 G
>I374366 G
>I374503 T
>I374536 T
>I374557 C
>I374578 C
>I374776 G
>I374832 G
>I374834 C
>I374867 A
>I374906 A
>I375126 T
>I375218 C
>I375507 G
>I375534 G
>I375605 T
>I376346 G
>I376515 G
>I376711 G
>I376757 T
>I376884 A
>I376929 T
>I377227 T
>I377252 C
>I377288 G
>I377461 T
>I377472 A
>I378084 T
>I378158 G
>I378277 C
>I378684 G
>I379272 T
>I379316 A
>I379530 C
>I379555 T
>I379808 T
>I379873 G
>I380082 A
>I380140 G
>I380579 G
>I380599 T
>I380610 C
>I380656 T
>I380675 G
>I380919 T
>I381067 T
>I381069 C
>I381143 T
>I381336 G
>I381490 G
>I382147 C
>I382188 C
>I382246 T
>I382279 G
>I382603 T
>I382810 G
>I382898 G
>I383022 G
>I383416 C
>I383571 A
>I383619 C
>I383785 T
>I383837 C
>I383843 G
>I383963 G
>I383995 T
>I384202 A
>I384401 C
>I384414 A
>I384418 C
>I384607 A
>I384891 C
>I384959 C
>I385211 A
>I385413 C
>I385417 G
>I385543 T
>I385969 G
>I385986 A
>I385992 G
>I386005 C
>I386016 A
>I386050 G
>I386169 A
>I386512 T
>I386603 T
>I386638 C
>I386730 T
>I386906 C
>I387031 A
>I387065 C
>I387464 T
>I387495 A
>I387584 T
>I387631 G
>I387653 C
>I387657 T
>I387783 T
>I388216 A
>I388517 C
>I388528 T
>I388564 C
>I388882 C
>I389010 C
>I389030 G
>I389034 A
>I389041 T
>I389117 A
>I389133 G
>I389256 T
>I389299 T
>I389380 G
>I389410 A
>I389550 C
>I389697 G
>I389711 T
>I389870 C
>I390489 C
>I390709 G
>I390883 A
>I390960 A
>I390970 G
>I391339 C
>I391340 C
>I391348 C
>I391352 G
>I391745 C
>I391987 A
>I392060 G
>I392116 A
>I392357 C
>I392568 C
>I392578 A
>I392748 G
>I393027 G
>I393070 A
>I393084 G
>I393176 G
>I393296 C
>I393344 C
>I393764 C
>I393965 G
>I394061 C
>I394330 T
>I394373 A
>I394565 G
>I394568 G
>I394637 A
>I394683 G
>I394735 A
>I394765 A
>I394781 T
>I394841 G
>I394936 A
>I395086 G
>I395096 A
>I395108 C
>I395299 G
>I395820 T
>I396004 G
>I396018 A
>I396069 A
>I396126 C
>I396198 T
>I396203 T
>I396212 T
>I396283 C
>I396297 A
>I396358 A
>I396413 G
>I396797 G
>I396805 T
>I396814 A
>I396828 A
>I397326 C
>I397729 G
>I397785 G
>I397830 C
>I397996 C
>I398116 A
>I398141 C
>I398163 G
>I398290 G
>I398440 T
>I398456 C
>I398459 C
>I398578 C
>I398775 T
>I398801 C
>I398849 A
>I398888 A
>I399089 T
>I399129 A
>I399403 T
>I399454 C
>I399456 A
>I400256 C
>I400854 C
>I400973 C
>I401019 T
>I401183 C
>I401217 T
>I401223 T
>I401675 C
>I401947 A
>I402220 A
>I402223 T
>I402234 G
>I402374 G
>I402387 G
>I402445 C
>I402465 T
>I402512 C
>I402517 C
>I402575 A
>I402849 T
>I403068 T
>I403108 C
>I403269 G
>I403448 G
>I403535 G
>I403654 C
>I403757 A
>I403805 T
>I404071 G
>I404283 C
>I404667 T
>I404675 C
>I404738 T
>I404769 G
>I404863 A
>I404906 A
>I404954 G
>I404997 A
>I405178 T
>I405179 A
>I405241 A
>I405426 A
>I405568 A
>I405610 A
>I405707 T
>I405753 C
>I405774 G
>I405984 C
>I406085 A
>I406287 A
>I406512 C
>I406526 T
>I406555 T
>I406567 C
>I406570 A
>I406575 T
>I406597 C
>I406625 C
>I406821 C
>I407209 T
>I407266 A
>I407350 G
>I407407 G
>I407455 A
>I407691 G
>I407943 C
>I408119 C
>I408461 C
>I408470 A
>I408859 C
>I408937 G
>I408983 T
>I409026 T
>I409028 C
>I409485 G
>I409815 T
>I410097 C
>I410475 G
>I410587 G
>I410924 A
>I411000 G
>I411002 T
>I411013 C
>I411074 C
>I411106 A
>I411244 C
>I411311 T
>I411368 T
>I411423 C
>I411441 T
>I411605 A
>I411742 A
>I411770 A
>I411934 A
>I412199 T
>I412411 T
>I412414 T
>I412486 T
>I412554 T
>I412624 T
>I412683 A
>I412717 T
>I412791 G
>I412794 A
>I412864 C
>I413204 G
>I413322 T
>I413334 C
>I413379 G
>I413521 A
>I413620 C
>I413691 C
>I413796 A
>I413861 C
>I414026 A
>I414400 T
>I414531 A
>I414550 G
>I414892 G
>I415098 G
>I415110 A
>I415708 C
>I415718 C
>I415814 T
>I415927 T
>I416064 A
>I416085 A
>I416427 C
>I416428 C
>I416434 T
>I416475 C
>I416680 T
>I416762 T
>I417037 A
>I417125 A
>I417135 G
>I417247 G
>I417291 A
>I417371 G
>I417398 G
>I417443 C
>I417607 T
>I417649 T
>I417892 C
>I417979 G
>I418119 C
>I418164 C
>I418307 C
>I418388 A
>I418432 A
>I418481 A
>I418666 A
>I418678 C
>I418758 T
>I418844 T
>I419207 T
>I419391 A
>I419399 T
>I419491 G
>I419497 C
>I419610 C
>I419674 C
>I419710 C
>I419903 A
>I419922 T
>I420150 C
>I420160 G
>I420241 T
>I420520 T
>I420565 A
>I421019 T
>I421060 G
>I421333 T
>I421335 T
>I421338 G
>I421478 A
>I421531 C
>I421621 A
>I421832 T
>I421836 A
>I421960 G
>I422254 G
>I422465 C
>I422581 G
>I423081 A
>I423094 A
>I423123 T
>I423354 A
>I423372 A
>I423507 T
>I423838 G
>I424028 T
>I424299 G
>I424357 G
>I424451 C
>I424477 T
>I424565 G
>I424668 A
>I424836 C
>I425021 A
>I425196 G
>I425635 A
>I425745 G
>I425758 C
>I425915 A
>I426025 A
>I426067 G
>I426498 G
>I426735 G
>I426740 A
>I427054 T
>I427124 A
>I427224 C
>I427343 G
>I427405 A
>I427647 G
>I427756 T
>I427763 C
>I427947 T
>I428156 T
>I428307 G
>I428471 A
>I428518 C
>I428626 T
>I428797 A
>I428909 G
>I428918 G
>I429123 T
>I429606 C
>I429675 G
>I429742 G
>I430196 G
>I430207 T
>I430461 A
>I430532 C
>I430770 A
>I430937 G
>I431010 A
>I431185 T
>I431313 A
>I431325 T
>I431329 C
>I431495 T
>I431754 A
>I431888 T
>I431929 A
>I431996 A
>I432029 A
>I432146 A
>I432155 T
>I432254 C
>I432342 G
>I432515 G
>I432566 A
>I432570 A
>I432650 T
>I432844 A
>I433049 A
>I433058 A
>I433178 T
>I433191 G
>I433198 T
>I433225 C
>I433447 C
>I433541 G
>I433810 T
>I433822 A
>I433898 C
>I434058 C
>I434203 C
>I434281 A
>I434364 C
>I434390 G
>I434430 A
>I434580 A
>I434669 A
>I434674 T
>I434879 A
>I434917 G
>I435297 G
>I435308 G
>I435341 G
>I435374 T
>I435398 G
>I435494 A
>I435543 A
>I435596 A
>I435683 A
>I435831 T
>I436095 G
>I436115 A
>I436249 A
>I436569 C
>I437091 C
>I437391 A
>I437392 C
>I437480 C
>I437588 T
>I437673 C
>I437699 T
>I437992 T
>I438006 T
>I438035 C
>I438086 G
>I438206 C
>I438405 T
>I438414 C
>I438527 C
>I438580 G
>I438750 A
>I438825 T
>I438939 A
>I438947 G
>I439237 A
>I439307 G
>I439422 C
>I439454 G
>I439902 C
>I440397 A
>I440434 T
>I440531 G
>I440590 C
>I440598 G
>I440701 C
>I440956 A
>I441062 A
>I441269 C
>I441526 A
>I441623 A
>I441828 G
>I441914 T
>I442069 C
>I442124 C
>I442858 T
>I442978 G
>I443035 C
>I443347 C
>I443579 A
>I443596 G
>I443714 T
>I443816 T
>I443818 T
>I444027 T
>I444130 C
>I444793 T
>I444846 G
>I444923 G
>I445104 G
>I445131 C
>I445446 C
>I445897 G
>I445923 T
>I445992 G
>I446052 G
>I446195 A
>I446206 G
>I446301 T
>I446619 A
>I446679 G
>I446687 A
>I446725 A
>I446827 G
>I447180 A
>I447371 A
>I447665 T
>I447711 G
>I447825 T
>I448179 C
>I448668 C
>I448850 C
>I448923 T
>I448932 C
>I449004 C
>I449046 C
>I449086 A
>I449383 C
>I449492 A
>I449658 T
>I449663 C
>I449743 G
>I449970 C
>I450066 T
>I450080 C
>I450130 G
>I450283 T
>I450332 G
>I450346 T
>I450532 A
>I450584 A
>I450648 T
>I450702 G
>I450718 T
>I450943 G
>I450944 G
>I451077 T
>I451521 A
>I451665 A
>I451766 T
>I451773 G
>I451797 T
>I451878 C
>I452416 T
>I452714 A
>I452755 G
>I452782 A
>I453016 T
>I453127 T
>I453170 C
>I453234 T
>I453267 G
>I453284 T
>I453815 G
>I454258 G
>I454296 C
>I454391 C
>I454427 C
>I454433 T
>I454439 A
>I454771 G
>I454818 G
>I454920 T
>I455179 G
>I455424 C
>I455485 C
>I455789 A
>I455849 T
>I456267 C
>I456335 T
>I456463 A
>I456534 A
>I456677 T
>I456822 A
>I456848 T
>I456855 T
>I456913 A
>I457057 C
>I457069 C
>I457177 C
>I457255 G
>I457258 G
>I457297 T
>I457397 C
>I457516 A
>I457538 C
>I457629 A
>I457746 G
>I457833 T
>I457838 G
>I457855 A
>I457875 C
>I457940 C
>I458043 T
>I458053 C
>I458093 A
>I458195 A
>I458463 C
>I458564 C
>I459190 C
>I459335 A
>I459460 A
>I459560 A
>I459634 A
>I459964 G
>I460142 G
>I460146 C
>I460172 C
>I460244 G
>I460346 C
>I460347 C
>I460370 C
>I460568 T
>I460575 C
>I460621 G
>I460695 T
>I460768 G
>I460836 C
>I460870 T
>I461427 C
>I461817 A
>I461880 C
>I462009 G
>I462256 C
>I462968 A
>I462970 C
>I463130 A
>I463180 A
>I463193 C
>I463331 A
>I463642 T
>I463919 C
>I463928 C
>I464013 C
>I464092 G
>I464179 G
>I464207 A
>I464211 A
>I464217 C
>I464225 T
>I464423 G
>I464592 G
>I465012 A
>I465228 G
>I465321 C
>I465583 A
>I465584 C
>I465591 T
>I465659 A
>I465686 C
>I465694 A
>I465847 A
>I465887 C
>I465934 G
>I466148 T
>I466174 T
>I466321 A
>I466373 T
>I466520 G
>I466547 A
>I466861 A
>I467108 G
>I467169 G
>I467171 A
>I467792 C
>I467920 G
>I467927 T
>I467996 C
>I468034 G
>I468136 C
>I468241 A
>I468332 C
>I468558 T
>I468662 G
>I468731 T
>I468822 A
>I468887 C
>I469129 C
>I469180 G
>I469352 C
>I469520 G
>I469708 A
>I469780 G
>I469799 A
>I469809 G
>I469951 T
>I470538 G
>I470589 A
>I470636 C
>I470732 C
>I470744 C
>I471038 A
>I471285 T
>I471518 G
>I471675 C
>I471866 C
>I472091 A
>I472182 T
>I472290 C
>I472323 C
>I472613 C
>I472623 G
>I472986 A
>I472991 C
>I473056 A
>I473189 T
>I473216 G
>I473236 T
>I473331 G
>I473612 T
>I474041 T
>I474536 G
>I474593 C
>I474602 G
>I474734 C
>I474765 T
>I474875 T
>I474918 A
>I475034 G
>I475260 A
>I475405 G
>I476297 G
>I476306 G
>I476525 G
>I476595 T
>I476692 A
>I477045 T
>I477124 T
>I477197 T
>I477282 G
>I478422 A
>I478423 C
>I478459 T
>I478507 C
>I478729 T
>I478741 C
>I478938 G
>I478946 A
>I479049 T
>I479198 T
>I479419 T
>I479427 T
>I479430 T
>I479521 T
>I479791 C
>I480233 G
>I480430 T
>I480579 T
>I480604 C
>I480880 G
>I481008 G
>I481025 C
>I481135 C
>I481192 A
>I481355 C
>I481367 T
>I481374 T
>I481483 G
>I481615 T
>I481877 G
>I481919 G
>I481986 A
>I482005 A
>I482070 T
>I482132 T
>I482184 C
>I482240 C
>I482242 C
>I482267 T
>I482276 T
>I482519 C
>I482637 A
>I482774 G
>I483245 C
>I483668 A
>I483834 A
>I483842 C
>I483848 A
>I484010 T
>I484128 A
>I484186 C
>I484266 A
>I484677 T
>I484747 T
>I484825 C
>I484935 G
>I484952 T
>I485088 T
>I485096 T
>I485127 A
>I485306 A
>I485370 T
>I485490 C
>I485623 T
>I485711 G
>I485749 G
>I485788 G
>I486013 T
>I486105 T
>I486409 T
>I486552 A
>I486583 G
>I486626 C
>I486791 G
>I486806 T
>I486867 T
>I487022 T
>I487049 A
>I487378 C
>I487433 T
>I487536 G
>I487663 C
>I487747 C
>I487841 G
>I487972 G
>I487987 G
>I488114 C
>I488174 T
>I488177 G
>I488242 G
>I488305 T
>I488321 C
>I488669 G
>I488670 C
>I488708 T
>I488722 A
>I488766 A
>I488825 A
>I489026 T
>I489163 C
>I489343 G
>I489346 C
>I489378 C
>I489556 A
>I489858 C
>I489887 T
>I489984 T
>I490037 C
>I490209 T
>I490261 C
>I490262 C
>I490333 T
>I490419 C
>I490499 C
>I490534 C
>I490660 A
>I490732 C
>I490749 C
>I490847 C
>I490882 T
>I490987 A
>I491134 A
>I491189 T
>I491242 C
>I491393 C
>I491519 T
>I491624 T
>I491931 A
>I491999 G
>I492247 G
>I492279 A
>I492694 A
>I492806 T
>I492817 G
>I492870 G
>I493045 A
>I493073 A
>I493236 T
>I493312 C
>I493325 T
>I493326 G
>I493477 T
>I493638 T
>I493818 G
>I493822 G
>I494076 C
>I494275 G
>I494351 C
>I495146 A
>I495234 T
>I495411 T
>I495519 T
>I495588 A
>I495746 C
>I496000 A
>I496398 A
>I496461 G
>I496879 G
>I497153 G
>I497904 C
>I497960 A
>I498189 T
>I498201 C
>I498496 C
>I498626 A
>I498697 T
>I498948 A
>I499038 T
>I499050 T
>I499132 A
>I499177 T
>I499438 G
>I499635 T
>I499710 T
>I499731 G
>I499815 C
>I499850 A
>I499851 C
>I499855 G
>I500688 G
>I500812 A
>I500843 G
>I500951 T
>I500976 A
>I501000 A
>I501057 T
>I501284 C
>I501367 T
>I501459 C
>I501496 G
>I501521 G
>I501537 G
>I501646 A
>I501651 G
>I501690 G
>I501800 G
>I501825 T
>I501972 T
>I502042 T
>I502071 G
>I502092 A
>I502093 A
>I502284 A
>I502349 C
>I502404 T
>I502617 A
>I502729 C
>I502861 G
>I502882 A
>I502929 T
>I502964 A
>I502975 A
>I503014 C
>I503184 T
>I503287 A
>I503597 C
>I503712 C
>I503764 A
>I504173 A
>I504235 T
>I504251 G
>I504273 T
>I504289 C
>I504389 C
>I504492 T
>I504619 C
>I504677 G
>I504681 A
>I504689 T
>I504717 T
>I504873 G
>I504886 G
>I504926 C
>I504988 G
>I505179 G
>I505392 C
>I505425 G
>I505523 T
>I505753 T
>I505888 A
>I505920 G
>I506003 G
>I506034 A
>I506190 T
>I506235 T
>I506430 T
>I506505 A
>I506591 A
>I507209 C
>I507401 A
>I507778 A
>I507793 C
>I508189 A
>I508594 C
>I508600 A
>I508754 A
>I508845 T
>I508955 C
>I509070 C
>I509365 C
>I509690 G
>I509879 G
>I510239 T
>I510457 T
>I510759 C
>I510796 G
>I510851 A
>I510898 T
>I511048 G
>I511286 A
>I511288 G
>I511294 A
>I511416 A
>I511433 C
>I511646 C
>I511724 C
>I511785 G
>I512056 G
>I512159 G
>I512234 C
>I512240 G
>I512243 C
>I512861 T
>I513032 A
>I513322 G
>I513471 T
>I513560 G
>I513856 A
>I513869 G
>I513890 C
>I513916 T
>I514003 A
>I514018 T
>I514023 G
>I514266 T
>I514303 C
>I514344 C
>I514431 C
>I514432 G
>I514440 T
>I514533 G
>I514629 T
>I514833 T
>I514849 G
>I514867 C
>I515063 T
>I515157 A
>I515187 T
>I515310 A
>I515642 A
>I515803 G
>I515964 C
>I516126 G
>I516152 G
>I516177 G
>I516413 T
>I516436 T
>I516698 A
>I516713 T
>I516841 C
>I516891 T
>I516915 G
>I517069 G
>I517287 G
>I517546 A
>I517561 G
>I517923 C
>I517985 T
>I518105 T
>I518194 T
>I518199 G
>I518286 C
>I518489 A
>I518491 G
>I518710 A
>I518777 C
>I518979 T
>I519134 C
>I519199 G
>I519496 A
>I519774 C
>I520369 G
>I520383 G
>I520479 C
>I520498 G
>I520500 T
>I520536 G
>I520613 G
>I520688 G
>I520956 C
>I521481 T
>I521495 A
>I521671 C
>I521698 G
>I521743 C
>I522164 A
>I522178 A
>I522599 A
>I522613 T
>I522935 T
>I523053 T
>I523072 G
>I523239 T
>I523305 G
>I523435 G
>I523466 G
>I523596 G
>I523747 G
>I523790 T
>I523980 G
>I524008 A
>I524015 G
>I524036 C
>I524149 G
>I524311 G
>I524486 A
>I524545 A
>I524562 G
>I524847 A
>I524912 C
>I524961 T
>I524977 G
>I525142 A
>I525146 T
>I525149 A
>I525176 G
>I525427 C
>I525431 T
>I525432 T
>I525464 T
>I525671 C
>I525903 C
>I525918 T
>I525959 C
>I526001 G
>I526041 C
>I526088 C
>I526449 T
>I526684 T
>I526834 C
>I526852 A
>I526907 T
>I526928 G
>I527245 A
>I527249 A
>I527420 C
>I527435 G
>I527516 C
>I527614 A
>I527813 T
>I527936 C
>I528301 C
>I528341 C
>I528346 G
>I528405 T
>I528504 T
>I528596 C
>I528877 G
>I529023 C
>I529171 C
>I529216 C
>I529296 C
>I529365 G
>I529618 T
>I529669 A
>I529738 A
>I529757 A
>I529810 A
>I529844 G
>I529895 T
>I529903 A
>I530025 A
>I530181 C
>I530303 G
>I530452 A
>I530530 G
>I530585 C
>I530657 T
>I530714 G
>I530934 C
>I531012 A
>I531177 C
>I531637 C
>I531754 T
>I531867 T
>I531951 T
>I532132 C
>I532150 A
>I532186 T
>I532263 C
>I532379 G
>I532458 A
>I532682 A
>I532719 T
>I532738 G
>I532747 A
>I532792 G
>I532869 T
>I532927 T
>I532956 T
>I532967 G
>I533145 A
>I533241 A
>I533275 G
>I533298 C
>I533532 G
>I534105 T
>I534265 T
>I534430 C
>I534582 T
>I534642 T
>I534698 G
>I534763 C
>I534972 C
>I534986 T
>I535061 A
>I535078 C
>I535145 T
>I535149 T
>I535272 T
>I535352 A
>I535913 G
>I535933 G
>I535990 A
>I536031 C
>I536121 T
>I536256 T
>I536384 C
>I536508 T
>I536523 C
>I536652 A
>I536925 G
>I537145 T
>I537290 T
>I537312 T
>I537323 A
>I537407 A
>I537547 T
>I537806 G
>I537943 C
>I538101 G
>I538142 T
>I538276 G
>I538474 A
>I538505 G
>I538826 G
>I538835 G
>I538847 G
>I539229 A
>I539236 G
>I539265 C
>I539402 C
>I539592 T
>I539863 G
>I539876 C
>I539987 G
>I540128 G
>I540184 G
>I540298 A
>I540406 A
>I540439 G
>I540538 T
>I540568 T
>I540675 G
>I540787 G
>I541006 C
>I541076 T
>I541253 G
>I541695 C
>I541716 G
>I542033 G
>I542255 C
>I542565 A
>I542799 T
>I542968 C
>I543134 A
>I543142 A
>I543200 A
>I543247 T
>I543256 G
>I543695 G
>I543787 T
>I544258 A
>I544381 G
>I544451 A
>I544499 T
>I544619 A
>I544801 G
>I544960 G
>I545030 A
>I545137 C
>I545155 A
>I545311 T
>I545345 T
>I545410 A
>I545538 T
>I545597 T
>I545625 T
>I545806 C
>I546034 A
>I546182 T
>I546271 G
>I546644 G
>I546753 A
>I546859 G
>I546931 C
>I547202 T
>I547219 G
>I547417 T
>I547424 T
>I547639 G
>I547825 G
>I548050 T
>I548214 T
>I548302 G
>I548432 A
>I548507 G
>I548712 A
>I548717 A
>I548760 C
>I548775 G
>I549080 A
>I549091 T
>I549187 T
>I549312 G
>I549323 C
>I549350 T
>I549456 A
>I549598 G
>I549616 C
>I549764 T
>I549779 C
>I549783 G
>I549855 A
>I550067 G
>I550194 T
>I550249 G
>I550255 A
>I550258 T
>I550345 C
>I550404 G
>I550505 T
>I550519 C
>I550659 T
>I551039 T
>I551090 G
>I551201 G
>I551280 A
>I551300 G
>I551321 A
>I551357 C
>I551560 A
>I551821 T
>I551879 A
>I551927 T
>I551966 A
>I551996 C
>I552137 G
>I552243 T
>I552389 T
>I552606 T
>I552628 T
>I552816 G
>I552901 G
>I553256 A
>I553414 A
>I553548 C
>I553559 T
>I553561 C
>I553596 C
>I553618 T
>I553621 A
>I553632 C
>I553690 G
>I553701 A
>I553790 C
>I553834 A
>I553962 C
>I554265 G
>I554320 T
>I554466 C
>I554468 A
>I554855 A
>I555097 C
>I555164 A
>I555356 C
>I555454 A
>I555586 C
>I555587 G
>I555829 G
>I556075 C
>I556151 T
>I556215 G
>I556724 G
>I556974 G
>I557033 C
>I557097 G
>I557142 A
>I557338 C
>I557413 A
>I557427 C
>I557597 G
>I557744 T
>I557778 T
>I557914 A
>I558074 A
>I558103 C
>I558142 G
>I558163 A
>I558202 G
>I558234 G
>I558301 C
>I558384 A
>I558389 C
>I558576 C
>I558624 T
>I558628 A
>I559104 T
>I559113 T
>I559250 T
>I559323 G
>I559324 C
>I559360 A
>I559383 A
>I559482 T
>I559908 C
>I559917 G
>I560263 T
>I560725 C
>I561034 G
>I561112 A
>I561238 G
>I561239 G
>I561484 G
>I561531 T
>I561570 G
>I561639 G
>I561776 C
>I562046 C
>I562095 A
>I562102 C
>I562228 G
>I562250 T
>I562300 T
>I562494 G
>I562685 G
>I562708 A
>I562772 C
>I562898 C
>I563075 C
>I563351 G
>I563403 T
>I563458 T
>I563559 G
>I563733 G
>I563749 C
>I563752 A
>I563926 C
>I563947 A
>I563965 A
>I564053 G
>I564119 T
>I564195 G
>I564252 C
>I564295 A
>I564616 G
>I564731 G
>I564906 A
>I564932 A
>I564976 G
>I565252 C
>I565255 A
>I565270 C
>I565369 G
>I565597 C
>I565662 T
>I565777 G
>I565787 G
>I565795 A
>I566359 C
>I566377 G
>I566543 C
>I566581 C
>I566582 C
>I567061 G
>I567104 A
>I567139 C
>I567488 C
>I567489 C
>I567602 C
>I567919 T
>I568108 C
>I568301 G
>I568343 C
>I568349 T
>I568753 C
>I569173 C
>I569208 A
>I569260 G
>I569302 C
>I569409 G
>I569734 A
>I569854 T
>I569935 T
>I570182 A
>I570366 T
>I570505 A
>I570644 C
>I570865 A
>I571006 G
>I571015 A
>I571100 T
>I571110 C
>I571238 C
>I571269 G
>I571305 T
>I571497 C
>I571607 A
>I571657 A
>I571721 G
>I571800 C
>I572373 T
>I572410 A
>I572431 A
>I572534 C
>I572945 C
>I573111 T
>I573228 T
>I573286 T
>I573404 C
>I573568 G
>I573579 G
>I573996 G
>I574015 G
>I574095 C
>I574207 C
>I574260 A
>I574417 T
>I574459 A
>I574566 T
>I574610 A
>I574611 A
>I574660 A
>I574880 G
>I574969 C
>I575286 T
>I575554 C
>I575630 G
>I575663 G
>I575726 G
>I575790 A
>I575799 C
>I575810 G
>I576042 C
>I576153 C
>I576537 C
>I576643 C
>I576810 C
>I576823 A
>I576880 A
>I576933 C
>I577041 A
>I577246 A
>I577906 C
>I578027 A
>I578248 T
>I578421 C
>I578520 G
>I578881 A
>I579094 A
>I579212 A
>I579299 G
>I579318 G
>I579412 C
>I579555 T
>I579673 T
>I579746 T
>I579780 A
>I579812 A
>I580087 G
>I580104 G
>I580105 G
>I580166 A
>I580280 T
>I580765 T
>I580902 C
>I580903 A
>I580945 C
>I580982 T
>I580997 T
>I581064 T
>I581664 C
>I581788 C
>I581849 A
>I581905 G
>I582014 A
>I582183 G
>I582198 G
>I582523 G
>I582648 C
>I582784 A
>I582960 T
>I583078 C
>I583119 T
>I583288 G
>I583434 T
>I583595 T
>I583695 C
>I583783 C
>I583785 T
>I583815 T
>I584049 C
>I584425 G
>I584441 A
>I584841 C
>I584879 T
>I585007 G
>I585075 G
>I585198 C
>I585288 C
>I585650 G
>I585651 A
>I585836 C
>I585876 C
>I585905 G
>I586133 C
>I586281 C
>I586320 C
>I586365 C
>I586472 A
>I586558 T
>I586948 A
>I587115 T
>I587243 G
>I587484 G
>I587487 G
>I587711 C
>I587756 G
>I587862 G
>I587940 T
>I588135 C
>I588248 T
>I588523 T
>I588618 T
>I588862 A
>I589022 C
>I589130 C
>I589181 T
>I589235 C
>I589387 A
>I589412 T
>I589639 G
>I589755 G
>I589947 T
>I590072 G
>I590166 A
>I590515 C
>I590556 T
>I590652 G
>I590720 T
>I590761 C
>I590777 T
>I590977 T
>I590985 A
>I591143 A
>I591150 C
>I591203 C
>I591310 A
>I591453 T
>I591855 G
>I591943 A
>I592162 T
>I592585 A
>I592618 T
>I592711 A
>I592727 C
>I593149 T
>I593360 C
>I593407 C
>I593487 A
>I593792 G
>I593869 G
>I594324 G
>I594331 T
>I594507 C
>I594539 A
>I594559 G
>I594649 C
>I594654 C
>I594674 G
>I594704 A
>I594733 G
>I594735 A
>I594816 C
>I594847 G
>I594896 T
>I594925 C
>I594926 T
>I594963 G
>I595043 T
>I595136 G
>I595259 T
>I595373 C
>I595581 C
>I595761 T
>I595771 G
>I596269 T
>I596348 A
>I596356 T
>I596357 A
>I596363 C
>I596387 A
>I596395 C
>I596518 G
>I596530 G
>I596533 G
>I596536 C
>I596651 A
>I597002 C
>I597065 C
>I597103 T
>I597111 T
>I597225 C
>I597409 C
>I597531 C
>I597535 G
>I598021 T
>I598033 C
>I598179 T
>I598622 G
>I598630 T
>I598657 T
>I598681 C
>I599060 C
>I599071 A
>I599107 A
>I599329 T
>I599381 T
>I599439 C
>I599486 G
>I599532 C
>I599622 T
>I599854 T
>I600009 A
>I600074 G
>I600165 A
>I600181 G
>I600313 G
>I600426 T
>I600484 C
>I600510 A
>I600609 C
>I600645 A
>I600726 T
>I600791 T
>I600860 G
>I600979 C
>I601132 A
>I601158 T
>I601168 C
>I601257 G
>I601274 T
>I601290 A
>I601428 A
>I601432 C
>I601552 A
>I601743 T
>I601996 T
>I602241 G
>I602335 C
>I602520 G
>I602571 G
>I602685 C
>I602716 G
>I602898 C
>I602934 G
>I603098 C
>I603211 T
>I603235 T
>I603273 T
>I603445 A
>I603797 T
>I604082 A
>I604106 T
>I604145 C
>I604147 G
>I604277 C
>I604463 A
>I604504 A
>I604779 T
>I605121 C
>I605208 A
>I605209 C
>I605443 A
>I605448 A
>I605537 T
>I605661 T
>I605666 C
>I605710 A
>I605753 C
>I605929 T
>I606001 T
>I606052 C
>I606108 C
>I606164 C
>I606225 T
>I606370 T
>I606374 C
>I606528 T
>I606663 C
>I606825 A
>I606910 C
>I607045 A
>I607205 A
>I607464 A
>I607640 C
>I607839 A
>I608002 G
>I608010 C
>I608026 G
>I608229 C
>I608735 T
>I608812 T
>I608819 G
>I608878 T
>I608984 C
>I609048 A
>I609390 C
>I609581 T
>I609805 C
>I609896 C
>I610658 A
>I610661 A
>I610662 T
>I610972 T
>I611008 T
>I611242 C
>I611282 C
>I611639 G
>I612105 C
>I612747 T
>I612755 C
>I612841 T
>I612855 C
>I613014 A
>I613133 G
>I613163 T
>I613319 G
>I613440 A
>I613680 G
>I614171 C
>I614244 A
>I614426 T
>I614945 C
>I615026 A
>I615104 T
>I615467 G
>I615485 T
>I615767 G
>I615780 T
>I615840 C
>I615967 G
>I616263 C
>I616750 C
>I616800 T
>I616803 A
>I616804 G
>I617068 A
>I617119 A
>I617464 A
>I617603 G
>I617624 C
>I617799 G
>I618032 A
>I618354 G
>I618387 A
>I618525 A
>I618590 T
>I618655 C
>I618703 A
>I619241 T
>I619244 G
>I619369 C
>I619378 C
>I619395 C
>I619519 A
>I619554 A
>I619564 G
>I619733 A
>I619850 G
>I620271 T
>I620301 T
>I621044 G
>I621078 C
>I621104 T
>I621170 A
>I621250 G
>I621261 A
>I621416 G
>I621447 T
>I621460 C
>I621500 G
>I621501 G
>I621745 T
>I621811 A
>I622074 A
>I622093 C
>I622135 A
>I622170 T
>I622303 G
>I622307 G
>I622585 C
>I622624 G
>I622734 T
>I622743 C
>I622832 C
>I622947 T
>I622954 A
>I623016 C
>I623120 A
>I623122 G
>I623210 C
>I623211 C
>I623511 A
>I623797 T
>I623804 A
>I623828 T
>I624084 T
>I624119 G
>I624313 T
>I624470 T
>I624824 G
>I625073 G
>I625081 T
>I625224 T
>I625274 G
>I625460 T
>I625464 G
>I625473 G
>I625678 G
>I625683 C
>I625686 G
>I625816 C
>I625875 A
>I625880 A
>I625916 C
>I625926 T
>I626458 A
>I626501 T
>I626557 G
>I626576 C
>I626646 G
>I626812 T
>I627057 T
>I627083 T
>I627254 G
>I627435 G
>I627704 T
>I627746 G
>I627840 T
>I627993 G
>I628108 G
>I628513 A
>I628581 A
>I628710 T
>I628961 G
>I628990 A
>I629069 G
>I629092 C
>I629095 A
>I629119 A
>I629190 G
>I629331 G
>I629609 T
>I629673 G
>I629994 G
>I630007 C
>I630115 T
>I630138 C
>I630139 C
>I630189 G
>I630665 A
>I630717 G
>I631081 A
>I631192 A
>I631301 C
>I631346 G
>I631399 C
>I632712 A
>I632904 A
>I632928 A
>I632984 C
>I633109 A
>I633161 C
>I633261 A
>I633426 T
>I633975 G
>I634001 G
>I634031 G
>I634120 T
>I634296 A
>I634569 C
>I634722 G
>I634787 A
>I635132 T
>I635408 A
>I635458 G
>I635512 T
>I635616 G
>I635696 T
>I635803 A
>I635917 T
>I635963 C
>I636467 A
>I636486 C
>I636648 C
>I636798 C
>I636832 T
>I636867 A
>I637086 C
>I637246 A
>I637268 T
>I637349 G
>I637426 T
>I637496 G
>I637529 G
>I637799 C
>I638032 A
>I638035 G
>I638041 T
>I638128 G
>I638453 T
>I638578 A
>I638767 T
>I639140 C
>I639504 C
>I639613 G
>I639623 T
>I639667 A
>I639699 T
>I639855 A
>I639942 A
>I640068 A
>I640231 G
>I640310 A
>I640410 G
>I640487 G
>I640738 C
>I641027 G
>I641139 T
>I641391 C
>I641581 C
>I641589 C
>I641815 A
>I641854 T
>I642024 G
>I642128 G
>I642546 C
>I642614 A
>I642771 G
>I643060 A
>I643155 C
>I643232 T
>I643237 A
>I643276 G
>I643570 C
>I643580 A
>I643796 C
>I643818 C
>I643820 T
>I644040 T
>I644046 A
>I644176 A
>I644178 C
>I644183 A
>I644306 A
>I644400 T
>I644469 T
>I644774 C
>I644795 G
>I644914 C
>I645003 G
>I645313 C
>I645351 A
>I645446 T
>I645507 C
>I645632 C
>I645655 T
>I645672 T
>I645699 A
>I645860 C
>I645953 G
>I645973 T
>I646091 T
>I646570 C
>I646571 A
>I646617 T
>I646650 A
>I646654 A
>I646832 T
>I646854 G
>I647161 A
>I647282 C
>I647547 T
>I647834 C
>I648225 A
>I648264 G
>I648440 A
>I648505 G
>I648545 C
>I648607 C
>I648940 A
>I648952 T
>I649153 T
>I649223 A
>I649239 C
>I649374 A
>I649466 G
>I649692 A
>I650455 C
>I650893 A
>I651097 G
>I651188 C
>I651317 T
>I651569 A
>I651967 C
>I652046 A
>I652195 C
>I652275 T
>I652539 C
>I652567 T
>I652660 T
>I652667 G
>I652668 G
>I652690 C
>I653019 T
>I653066 C
>I653088 C
>I653307 G
>I653839 G
>I653939 T
>I654004 G
>I654013 T
>I654015 A
>I654132 A
>I654139 G
>I654147 A
>I654175 A
>I654193 A
>I654266 C
>I654432 G
>I654770 C
>I654775 C
>I654801 G
>I655276 G
>I655285 C
>I655323 A
>I655771 G
>I655780 C
>I655855 G
>I656019 T
>I656464 T
>I656766 T
>I657014 T
>I657074 G
>I657100 A
>I657469 G
>I657524 A
>I657737 C
>I657766 T
>I657799 G
>I657827 T
>I657986 T
>I658091 G
>I658103 A
>I658250 C
>I658414 T
>I658494 C
>I658705 A
>I658764 T
>I658799 A
>I658877 G
>I659226 C
>I659243 G
>I659525 A
>I659609 T
>I659612 C
>I659697 A
>I659738 G
>I659814 G
>I659817 A
>I659886 C
>I659959 A
>I660192 C
>I660455 G
>I660458 C
>I660646 G
>I660796 T
>I660827 T
>I660990 A
>I661152 G
>I661169 A
>I661365 A
>I661412 A
>I661413 A
>I661475 C
>I661499 A
>I661591 T
>I661620 G
>I661686 G
>I661691 G
>I661730 C
>I661806 G
>I661850 A
>I662204 A
>I662206 G
>I662250 A
>I662253 A
>I662369 C
>I662453 T
>I662589 C
>I662591 T
>I662664 G
>I663097 A
>I663302 T
>I663506 A
>I663707 C
>I663800 T
>I663878 C
>I663973 T
>I664016 A
>I664034 G
>I664054 T
>I664147 G
>I664322 G
>I664466 T
>I664539 A
>I664614 C
>I664630 C
>I664894 C
>I665169 T
>I665282 G
>I665408 T
>I665481 A
>I665568 A
>I665620 T
>I665759 G
>I665878 A
>I665880 T
>I665963 A
>I666161 G
>I666430 G
>I666435 C
>I666816 G
>I666938 A
>I667386 T
>I667437 C
>I667460 C
>I667493 G
>I667505 C
>I667508 T
>I667738 C
>I667751 C
>I667814 C
>I668041 C
>I668084 A
>I668157 T
>I668195 G
>I668231 T
>I668393 T
>I668681 T
>I668775 C
>I668996 G
>I669317 A
>I669436 T
>I669500 G
>I669631 A
>I669639 A
>I669641 G
>I669646 A
>I670195 T
>I670228 A
>I670486 T
>I670758 A
>I670776 T
>I670779 C
>I670839 G
>I670843 A
>I671007 A
>I671119 T
>I671123 A
>I671270 G
>I671637 C
>I671950 A
>I672034 C
>I672042 A
>I672275 A
>I672277 G
>I672378 A
>I672466 G
>I672514 G
>I672552 T
>I672631 T
>I672692 G
>I672888 C
>I672890 T
>I672977 A
>I673022 A
>I673203 A
>I673397 A
>I673517 A
>I673560 T
>I673642 G
>I673653 G
>I673934 C
>I673945 C
>I673954 A
>I673961 C
>I673969 A
>I674027 C
>I674147 T
>I674318 A
>I674346 A
>I674364 A
>I674452 A
>I674615 C
>I674724 A
>I674733 A
>I674736 T
>I674745 T
>I674870 A
>I674904 G
>I674988 T
>I675094 G
>I675112 C
>I675178 G
>I675299 C
>I675301 G
>I675570 T
>I675579 C
>I675652 G
>I675689 G
>I675720 G
>I675744 A
>I675888 T
>I676084 A
>I676152 G
>I676156 T
>I676286 T
>I676296 T
>I676393 T
>I676423 C
>I676552 C
>I676684 G
>I676705 A
>I676990 T
>I677188 G
>I677273 T
>I677445 A
>I677594 T
>I677695 A
>I677841 T
>I677861 T
>I677862 T
>I677930 T
>I678012 T
>I678172 G
>I678306 C
>I678563 C
>I678615 A
>I678694 T
>I678774 T
>I678838 C
>I679008 C
>I679254 A
>I679322 A
>I679382 T
>I679621 T
>I679640 C
>I679674 T
>I679779 G
>I680127 A
>I680221 A
>I680245 A
>I680249 G
>I680301 C
>I680312 T
>I680489 T
>I680601 G
>I680662 G
>I680688 G
>I680938 A
>I680946 G
>I681438 C
>I681522 C
>I681675 A
>I681726 A
>I681770 T
>I681848 G
>I682061 C
>I682072 A
>I682121 T
>I682303 A
>I682316 T
>I682327 A
>I682376 C
>I682401 G
>I682425 G
>I682531 T
>I682560 A
>I682565 T
>I682622 G
>I682646 C
>I682747 G
>I682754 G
>I682763 G
>I682791 G
>I683045 C
>I683195 G
>I683305 T
>I683553 T
>I683562 C
>I683636 A
>I683642 A
>I683720 G
>I683781 T
>I683829 A
>I683988 T
>I684084 A
>I684133 C
>I684217 C
>I684258 A
>I684303 A
>I684432 C
>I684444 A
>I684480 T
>I684727 C
>I684735 T
>I685370 A
>I685688 T
>I685713 T
>I685753 C
>I686050 T
>I686063 T
>I686125 C
>I686157 A
>I686259 C
>I686679 C
>I686683 G
>I686751 T
>I686799 A
>I687143 A
>I687233 C
>I687249 G
>I687343 A
>I687506 A
>I687681 T
>I687708 C
>I687872 T
>I687982 A
>I688262 C
>I688284 T
>I688357 T
>I688487 G
>I688638 C
>I688742 C
>I688822 C
>I688908 A
>I689010 C
>I689017 T
>I689247 C
>I689272 A
>I689273 G
>I689277 T
>I689437 G
>I689488 G
>I689714 T
>I689891 C
>I689950 G
>I689958 A
>I690159 C
>I690376 A
>I690393 A
>I690432 C
>I690821 C
>I690993 C
>I691008 A
>I691065 G
>I691105 G
>I691532 C
>I691692 C
>I691736 A
>I691974 T
>I692005 G
>I692079 C
>I692089 T
>I692196 A
>I692561 T
>I692746 C
>I692758 G
>I692795 A
>I692859 G
>I692897 C
>I693029 C
>I693187 T
>I693250 C
>I693527 T
>I693708 A
>I693852 C
>I694005 C
>I694035 G
>I694045 A
>I694527 T
>I694637 T
>I694642 G
>I694780 T
>I694791 G
>I694926 C
>I694995 C
>I695072 A
>I695184 C
>I695416 G
>I695739 T
>I695968 C
>I696000 A
>I696021 C
>I696073 A
>I696083 T
>I696789 T
>I696791 C
>I696840 C
>I696846 G
>I696963 A
>I696974 G
>I696975 C
>I696976 A
>I697171 G
>I697349 T
>I697552 A
>I697610 A
>I697718 G
>I697754 C
>I697768 T
>I697779 T
>I697977 A
>I698382 C
>I698389 C
>I698472 A
>I698544 C
>I698838 A
>I698890 C
>I699020 A
>I699111 A
>I699398 C
>I699466 G
>I699487 G
>I700107 C
>I700313 C
>I700329 C
>I700442 A
>I700567 T
>I700696 T
>I700706 T
>I700708 A
>I700867 A
>I700872 T
>I701086 C
>I701100 T
>I701294 A
>I701390 A
>I701556 A
>I701602 T
>I701715 T
>I702035 G
>I702394 C
>I702432 C
>I702494 G
>I702546 G
>I702557 A
>I702652 A
>I702661 T
>I702923 A
>I703049 T
>I703091 A
>I703188 A
>I703267 T
>I703447 C
>I703477 C
>I703520 C
>I703574 C
>I703581 T
>I703719 A
>I704092 T
>I704309 C
>I704396 A
>I704434 C
>I704512 A
>I704666 C
>I705023 A
>I705095 T
>I705245 G
>I705281 G
>I705333 G
>I705339 C
>I705853 A
>I705880 G
>I705929 G
>I705979 A
>I706138 T
>I706220 A
>I706233 T
>I706351 A
>I706386 C
>I706451 A
>I706522 C
>I706667 T
>I706772 A
>I706782 A
>I707161 A
>I707162 A
>I707178 G
>I707262 C
>I707352 T
>I707391 A
>I707531 A
>I707586 G
>I707663 A
>I707682 C
>I707850 A
>I708054 T
>I708138 T
>I708190 C
>I708207 C
>I708306 G
>I708505 T
>I708520 A
>I708767 G
>I708873 A
>I708874 A
>I708985 A
>I709206 C
>I709433 G
>I709448 G
>I709492 A
>I709865 G
>I709867 G
>I709882 T
>I709945 C
>I710132 G
>I710194 G
>I710271 C
>I710362 A
>I710366 A
>I710507 T
>I710547 T
>I711109 T
>I711126 C
>I711216 C
>I711296 G
>I711444 A
>I711887 C
>I711890 C
>I711902 A
>I712112 A
>I712267 G
>I712308 G
>I712313 G
>I712847 G
>I713001 T
>I713049 A
>I713275 A
>I713357 A
>I713639 A
>I713833 A
>I713926 T
>I713961 C
>I713991 T
>I714084 T
>I714211 T
>I714251 A
>I714388 G
>I714477 A
>I714490 C
>I714515 A
>I714522 A
>I714602 T
>I714617 A
>I714720 T
>I714772 T
>I714797 A
>I714891 C
>I715304 A
>I715398 T
>I715512 A
>I715667 A
>I715847 C
>I715985 T
>I715993 G
>I716010 T
>I716033 A
>I716211 T
>I716281 T
>I716763 T
>I717101 A
>I717123 A
>I717261 G
>I717370 C
>I717401 A
>I717417 C
>I717660 A
>I717926 A
>I718084 T
>I718114 T
>I718140 T
>I718202 A
>I718249 T
>I718259 A
>I718269 G
>I718299 A
>I718313 C
>I718593 G
>I718747 G
>I718917 T
>I718999 C
>I719018 A
>I719047 G
>I719052 G
>I719188 A
>I719319 G
>I719390 G
>I719751 T
>I719845 C
>I719915 C
>I720116 A
>I720122 G
>I720287 C
>I720319 A
>I720434 G
>I720516 T
>I720637 C
>I720706 T
>I720918 T
>I720920 G
>I720990 A
>I721224 G
>I721402 T
>I721410 A
>I721678 G
>I721962 G
>I721974 A
>I722141 T
>I722284 T
>I722940 T
>I722997 G
>I723083 A
>I723243 C
>I723410 C
>I723480 G
>I723709 A
>I723849 A
>I723962 G
>I724325 G
>I724693 T
>I724771 A
>I725189 A
>I725628 A
>I725806 T
>I725819 T
>I725926 G
>I726187 A
>I726251 C
>I726632 A
>I726687 G
>I726799 A
>I726893 C
>I726924 A
>I727019 A
>I727119 C
>I727301 C
>I727392 G
>I727695 C
>I727717 A
>I727789 A
>I728371 C
>I728712 A
>I729133 A
>I729137 A
>I729150 C
>I729361 T
>I729736 G
>I729981 C
>I730037 T
>I730315 C
>I730368 A
>I730539 C
>I731000 C
>I731136 T
>I731187 C
>I731623 G
>I731677 T
>I731725 C
>I731871 G
>I731978 G
>I732088 C
>I732250 C
>I732393 A
>I732501 G
>I732524 T
>I732562 G
>I732827 G
>I732866 T
>I732958 A
>I733046 C
>I733180 A
>I733439 A
>I733440 A
>I733504 C
>I733759 G
>I733765 A
>I733804 C
>I733967 T
>I734092 G
>I734205 T
>I734481 A
>I734541 C
>I734997 T
>I735054 A
>I735082 T
>I735132 G
>I735246 C
>I735326 T
>I735443 G
>I735554 C
>I735905 G
>I735921 A
>I736156 A
>I736191 A
>I736341 C
>I736542 T
>I736644 C
>I736735 G
>I736752 A
>I736780 C
>I736840 T
>I736967 C
>I737215 T
>I737252 T
>I737348 A
>I737464 G
>I737532 T
>I737738 G
>I737749 C
>I737808 T
>I737911 T
>I737924 T
>I738175 G
>I738222 T
>I738336 A
>I738587 T
>I738595 T
>I738687 T
>I738841 T
>I739114 G
>I739281 T
>I739350 G
>I739445 G
>I739463 G
>I739532 A
>I739750 A
>I739752 T
>I739794 T
>I739796 G
>I739989 C
>I740119 A
>I740186 C
>I740203 C
>I740766 G
>I740817 T
>I741747 G
>I741960 C
>I742060 T
>I742234 G
>I742605 T
>I742631 C
>I742804 C
>I742885 T
>I742968 G
>I743085 C
>I743139 C
>I743243 A
>I743332 A
>I743418 G
>I743574 A
>I743577 G
>I743898 G
>I743900 G
>I743927 T
>I744204 G
>I744226 T
>I744231 T
>I744236 T
>I744316 A
>I744657 G
>I744658 G
>I744767 G
>I744784 T
>I744889 T
>I745058 G
>I745152 C
>I745153 A
>I745302 C
>I745412 A
>I745542 A
>I745558 A
>I745728 T
>I745880 A
>I746083 G
>I746151 C
>I746303 G
>I746546 T
>I746865 T
>I747149 C
>I747391 T
>I747393 A
>I747394 A
>I747487 T
>I747528 G
>I747624 A
>I747638 C
>I747680 G
>I747775 C
>I747814 G
>I747948 C
>I748243 T
>I748244 C
>I748318 C
>I748369 A
>I748390 C
>I748395 G
>I748515 T
>I748658 T
>I748865 C
>I748985 C
>I749304 T
>I749316 C
>I749813 C
>I750159 C
>I750345 C
>I750513 G
>I750613 T
>I750703 A
>I750732 A
>I750997 A
>I751056 G
>I751113 G
>I751217 G
>I751238 G
>I751320 T
>I751417 T
>I751525 C
>I751964 T
>I752055 C
>I752206 G
>I752798 C
>I753015 T
>I753090 G
>I753143 T
>I753181 C
>I753566 G
>I753578 A
>I753698 G
>I753739 C
>I753825 G
>I754320 A
>I754431 G
>I754579 C
>I754728 T
>I755109 T
>I755179 T
>I755258 A
>I755571 G
>I755596 C
>I755656 G
>I755774 A
>I755778 A
>I755931 C
>I756048 G
>I756442 T
>I756561 A
>I756664 T
>I756718 A
>I756719 T
>I757067 G
>I757084 C
>I757123 C
>I757177 G
>I757459 G
>I757496 G
>I757622 C
>I757648 C
>I758070 A
>I758181 G
>I758215 T
>I758303 G
>I758495 C
>I758926 T
>I758993 G
>I759072 C
>I759090 A
>I759252 A
>I759621 A
>I760055 T
>I760064 T
>I760096 T
>I760173 C
>I760177 T
>I760297 C
>I760440 G
>I760663 T
>I760693 T
>I760716 T
>I760807 T
>I760949 C
>I761104 T
>I761196 T
>I761214 C
>I761264 T
>I761270 C
>I761298 T
>I761363 G
>I761476 C
>I761621 T
>I761667 T
>I761705 G
>I761774 T
>I762086 T
>I762124 G
>I762277 G
>I762446 C
>I762484 A
>I762668 A
>I762750 A
>I762827 A
>I762940 A
>I763053 G
>I763180 G
>I763192 G
>I763229 C
>I763420 T
>I763454 G
>I763473 A
>I763509 T
>I763926 C
>I763927 G
>I763996 C
>I764171 C
>I764402 C
>I764773 G
>I765549 A
>I765808 T
>I766110 G
>I766221 G
>I766587 C
>I766613 T
>I766654 A
>I766658 A
>I766690 G
>I766851 T
>I766942 C
>I767099 T
>I767110 G
>I767429 C
>I767483 C
>I767579 G
>I767584 G
>I767586 G
>I767600 T
>I767641 T
>I767708 A
>I767749 G
>I767754 T
>I768532 C
>I768556 C
>I768816 G
>I768918 G
>I769112 T
>I769154 A
>I769185 G
>I769430 G
>I769999 T
>I770175 C
>I770229 G
>I770289 A
>I770889 G
>I771007 C
>I771096 T
>I771107 G
>I771153 T
>I771251 C
>I771487 C
>I771502 G
>I771553 A
>I771610 T
>I772003 T
>I772157 C
>I772165 T
>I772173 C
>I772239 G
>I772301 T
>I772423 T
>I772427 T
>I772615 A
>I773088 T
>I773104 A
>I773183 G
>I773310 A
>I773450 G
>I773538 T
>I773575 C
>I773669 G
>I773899 G
>I774074 G
>I774141 T
>I774195 T
>I774301 C
>I774504 G
>I774694 T
>I775018 T
>I775385 T
>I775387 A
>I775394 C
>I775624 G
>I775640 T
>I775768 C
>I775816 C
>I775833 A
>I776197 C
>I776464 T
>I776572 A
>I776674 T
>I776686 T
>I776773 T
>I776815 A
>I776975 A
>I777102 C
>I777342 G
>I777659 A
>I777691 G
>I777818 C
>I777966 T
>I778006 G
>I778103 G
>I778166 C
>I778340 G
>I778408 T
>I778706 C
>I778774 G
>I778939 G
>I779220 G
>I779257 A
>I779364 G
>I779368 T
>I779747 C
>I779974 A
>I780162 T
>I780165 T
>I780257 G
>I780292 G
>I780659 T
>I780779 C
>I780783 A
>I780784 C
>I780835 C
>I780838 G
>I780879 A
>I780964 G
>I780977 A
>I781040 T
>I781220 A
>I781234 A
>I781502 G
>I781512 C
>I781771 G
>I782004 G
>I782228 T
>I782365 C
>I782376 C
>I782509 A
>I783125 T
>I783200 G
>I783659 G
>I783851 C
>I783995 G
>I784146 C
>I784192 A
>I784266 A
>I784307 A
>I784372 T
>I784514 C
>I784907 A
>I784964 A
>I785002 C
>I785182 C
>I785540 C
>I785825 T
>I785930 A
>I786194 A
>I786207 A
>I786593 C
>I786643 A
>I786972 T
>I786998 A
>I787006 A
>I787032 G
>I787131 T
>I787226 G
>I787425 G
>I787800 C
>I787989 C
>I788435 G
>I788636 T
>I788844 G
>I789064 A
>I789101 A
>I789154 G
>I789439 T
>I789725 T
>I790077 C
>I790393 A
>I790676 G
>I790684 C
>I790697 A
>I790796 G
>I790866 T
>I790879 T
>I791583 G
>I791774 C
>I791924 T
>I792178 A
>I792934 A
>I793052 G
>I793061 T
>I793094 A
>I793292 T
>I793455 T
>I793470 T
>I793528 C
>I793540 T
>I793611 T
>I793724 T
>I794044 G
>I794323 T
>I794536 A
>I794658 A
>I794737 A
>I794947 T
>I794980 C
>I795157 C
>I795583 C
>I795591 G
>I795862 T
>I795972 T
>I795974 A
>I796027 T
>I796175 T
>I796200 C
>I796280 G
>I796284 C
>I796289 T
>I796413 G
>I796777 A
>I797064 G
>I797073 T
>I797092 A
>I797186 G
>I797380 T
>I797393 G
>I797624 G
>I798519 T
>I798532 A
>I798554 G
>I798924 A
>I798927 G
>I798967 G
>I799058 T
>I799091 A
>I799126 T
>I799304 A
>I799374 G
>I799375 A
>I799424 G
>I799537 G
>I799669 A
>I799838 C
>I799923 C
>I800057 C
>I800089 A
>I800112 A
>I800117 A
>I800168 G
>I800220 G
>I800247 G
>I800354 G
>I800355 A
>I800387 G
>I800390 A
>I800527 C
>I800638 A
>I800686 T
>I801075 G
>I801098 T
>I801099 G
>I801124 C
>I801164 T
>I801172 C
>I801342 G
>I801369 A
>I801437 G
>I801471 A
>I801518 T
>I801573 C
>I801642 T
>I801765 T
>I801945 A
>I801970 T
>I802022 T
>I802047 C
>I802202 T
>I802382 G
>I802425 T
>I802471 T
>I802914 G
>I803016 G
>I803046 G
>I803241 G
>I803252 C
>I803256 C
>I803359 G
>I803372 A
>I803719 G
>I803934 C
>I804123 G
>I804208 T
>I804366 A
>I804512 T
>I804771 A
>I804837 A
>I805121 T
>I805124 A
>I805416 A
>I805518 T
>I805712 C
>I805907 G
>I806186 A
>I806460 T
>I806463 G
>I806597 G
>I806786 A
>I807105 C
>I807124 T
>I807131 T
>I807134 A
>I807159 T
>I807304 G
>I807342 C
>I807349 A
>I807580 C
>I807667 G
>I807821 G
>I808146 C
>I808161 C
>I808179 G
>I808332 G
>I808416 G
>I808784 C
>I808847 A
>I809371 C
>I809631 C
>I809777 C
>I809838 G
>I810080 G
>I810155 C
>I810417 A
>I810423 T
>I810467 T
>I810497 G
>I810513 G
>I810640 C
>I811080 T
>I811339 A
>I811462 G
>I811565 G
>I811946 G
>I812055 A
>I812229 C
>I812336 T
>I812354 G
>I812642 C
>I812695 G
>I812696 C
>I812700 C
>I812886 G
>I812961 A
>I813444 A
>I813474 A
>I813973 C
>I813987 C
>I814379 G
>I814408 C
>I814593 C
>I814597 T
>I814725 G
>I815000 T
>I815004 G
>I815420 A
>I815444 G
>I815748 C
>I815886 G
>I816596 T
>I816719 T
>I816741 T
>I817163 C
>I817295 A
>I817374 G
>I817391 T
>I817414 G
>I817516 T
>I817570 A
>I818018 G
>I818111 A
>I818181 A
>I818186 G
>I818195 G
>I818333 A
>I818584 G
>I818685 A
>I818820 G
>I818837 T
>I818848 T
>I818860 T
>I819072 C
>I819228 T
>I819278 C
>I819360 T
>I819505 C
>I819554 C
>I819564 G
>I819572 A
>I819719 G
>I819789 G
>I819840 C
>I819849 C
>I819977 A
>I820585 A
>I820662 C
>I820679 G
>I820752 T
>I820761 A
>I820889 A
>I821386 A
>I821435 A
>I821590 T
>I821744 C
>I821819 C
>I821951 T
>I822140 A
>I822301 G
>I822369 C
>I822439 T
>I822447 A
>I822948 C
>I822951 G
>I823151 C
>I823218 T
>I823522 A
>I823556 T
>I823642 A
>I823727 T
>I823729 A
>I823958 G
>I824101 C
>I824160 A
>I824224 T
>I824235 A
>I824525 T
>I824583 C
>I824622 G
>I824628 C
>I824860 G
>I825166 A
>I825213 A
>I825214 A
>I825342 T
>I825470 G
>I825745 A
>I825806 T
>I825950 C
>I825954 A
>I826199 A
>I826280 A
>I826288 A
>I826439 G
>I826452 C
>I826697 G
>I826699 C
>I826870 C
>I826991 A
>I827059 T
>I827321 C
>I827442 A
>I827512 G
>I827606 C
>I827736 A
>I827749 T
>I827828 C
>I827910 G
>I827939 C
>I828152 A
>I828179 T
>I828353 C
>I828375 A
>I828817 T
>I828934 T
>I828951 A
>I829057 A
>I829484 T
>I829624 A
>I829648 T
>I829701 G
>I830201 A
>I830218 A
>I830282 T
>I830325 C
>I830390 T
>I830434 G
>I830445 A
>I830575 A
>I830630 T
>I830851 T
>I831126 T
>I831479 A
>I831488 G
>I831493 G
>I831494 C
>I831544 T
>I831552 T
>I831560 A
>I831705 C
>I832048 G
>I832197 G
>I832230 C
>I832279 G
>I832421 A
>I832430 G
>I832459 G
>I832485 T
>I832633 A
>I832675 A
>I832847 G
>I832852 G
>I832952 T
>I833145 G
>I833298 G
>I833302 G
>I833331 G
>I833443 T
>I833545 G
>I833592 A
>I833692 G
>I833751 G
>I834018 G
>I834226 T
>I834470 G
>I834605 A
>I834699 T
>I834794 G
>I834909 G
>I834994 G
>I835097 C
>I835217 C
>I835389 C
>I835432 C
>I835546 T
>I836155 A
>I836633 C
>I836686 C
>I836750 T
>I836885 G
>I837022 C
>I837226 G
>I837362 C
>I837928 A
>I837967 A
>I837992 A
>I838023 G
>I838042 T
>I838043 T
>I838053 G
>I838187 C
>I838292 G
>I838312 C
>I838922 G
>I838990 A
>I839002 T
>I839120 G
>I839567 G
>I839619 T
>I839624 T
>I839914 T
>I839927 C
>I840108 G
>I840130 T
>I840329 C
>I840399 G
>I840621 C
>I840636 C
>I840639 C
>I840779 T
>I840954 C
>I841121 G
>I841305 C
>I841443 T
>I841575 C
>I841656 A
>I841863 A
>I841868 C
>I841985 A
>I842250 C
>I842253 C
>I842262 C
>I842415 A
>I842669 T
>I842788 T
>I842940 G
>I843047 A
>I843094 G
>I843245 G
>I843246 G
>I843810 G
>I843915 T
>I843936 T
>I844114 T
>I844142 A
>I844280 T
>I844663 G
>I844897 G
>I845082 G
>I845170 G
>I845192 G
>I845370 G
>I845570 A
>I845970 G
>I845997 T
>I846222 T
>I846227 T
>I846228 C
>I846274 A
>I846371 G
>I846498 A
>I846618 G
>I846650 G
>I846693 A
>I846866 T
>I846960 G
>I846998 C
>I847108 C
>I847366 G
>I847424 G
>I847511 C
>I847512 A
>I847587 T
>I847686 C
>I847720 T
>I847882 A
>I848025 C
>I848143 A
>I848152 A
>I848273 T
>I848387 G
>I848550 A
>I848566 A
>I848686 G
>I848719 A
>I848850 C
>I848923 T
>I848958 G
>I849216 G
>I849378 A
>I849394 C
>I849420 G
>I849444 G
>I849701 C
>I849820 A
>I849975 C
>I849994 T
>I850018 C
>I850072 A
>I850091 C
>I850092 C
>I850102 C
>I850136 A
>I850163 T
>I850216 T
>I850298 G
>I850610 T
>I850613 T
>I850843 T
>I850908 C
>I850934 C
>I850966 C
>I851133 A
>I851183 A
>I851220 C
>I851543 T
>I851655 G
>I851918 G
>I852052 C
>I852456 G
>I852464 G
>I852614 C
>I853183 T
>I853212 C
>I853344 A
>I853456 C
>I853739 C
>I853898 G
>I854167 G
>I854305 T
>I854346 T
>I854496 T
>I855113 G
>I855152 C
>I855182 C
>I855187 T
>I855244 C
>I855297 T
>I855303 T
>I855323 T
>I855743 G
>I856019 C
>I856138 G
>I856488 G
>I856590 T
>I856858 G
>I857013 A
>I857156 A
>I857374 G
>I857423 A
>I857471 A
>I857673 T
>I857697 A
>I857784 C
>I858016 G
>I858113 A
>I858216 T
>I858260 G
>I858289 T
>I858325 G
>I858401 C
>I858428 C
>I858455 G
>I858471 T
>I858607 T
>I858631 G
>I858718 G
>I858729 G
>I858836 G
>I858942 T
>I859127 G
>I859424 T
>I859522 G
>I859653 C
>I859654 A
>I859668 C
>I859699 T
>I860062 T
>I860182 T
>I860192 G
>I860218 T
>I860371 G
>I860482 T
>I860571 T
>I860640 C
>I860924 G
>I861216 G
>I861413 A
>I861610 A
>I861686 A
>I861687 G
>I861724 T
>I862086 T
>I862143 T
>I862200 T
>I862278 G
>I862325 T
>I862522 T
>I862897 G
>I863110 T
>I863290 G
>I863321 A
>I863468 T
>I863481 A
>I863544 G
>I863681 T
>I863850 G
>I863939 A
>I863954 G
>I864108 G
>I864181 A
>I864187 G
>I864318 C
>I864513 T
>I864532 G
>I864622 G
>I864642 C
>I864827 A
>I864945 G
>I865028 A
>I865160 T
>I865168 C
>I865306 G
>I865425 A
>I866375 G
>I866575 A
>I866578 A
>I866681 A
>I866970 A
>I867064 G
>I867082 A
>I867098 G
>I867099 C
>I867137 A
>I867270 G
>I867272 C
>I867525 G
>I867758 G
>I867765 T
>I868204 C
>I868382 T
>I868472 A
>I868489 G
>I868665 T
>I868704 G
>I868856 G
>I868947 T
>I869282 A
>I870039 G
>I870075 A
>I870258 A
>I870306 G
>I870396 T
>I870407 C
>I870520 T
>I870695 T
>I870826 G
>I870827 A
>I870852 A
>I871168 A
>I871173 G
>I871175 T
>I871260 A
>I871266 T
>I871629 C
>I871977 A
>I872115 A
>I872249 G
>I872395 G
>I872434 T
>I872587 G
>I872610 A
>I872662 T
>I872853 T
>I873443 A
>I873444 C
>I873512 C
>I873795 C
>I873799 T
>I874097 A
>I874557 C
>I874705 G
>I874738 T
>I874769 A
>I874972 T
>I875070 C
>I875279 G
>I875487 T
>I875601 G
>I875751 C
>I876013 A
>I876352 T
>I876353 T
>I876384 C
>I876441 G
>I876442 G
>I876538 C
>I876548 A
>I876685 T
>I876822 C
>I877113 T
>I877260 G
>I877569 G
>I877828 A
>I878024 C
>I878126 T
>I878143 C
>I878188 C
>I878288 C
>I878372 A
>I878493 G
>I878601 T
>I878899 T
>I879197 G
>I879239 C
>I879308 C
>I879327 C
>I879361 C
>I879417 G
>I879516 T
>I879822 A
>I880055 T
>I880252 A
>I880321 T
>I880399 C
>I880498 T
>I880676 T
>I880857 A
>I880872 A
>I880967 C
>I881123 A
>I881161 C
>I881441 A
>I881509 T
>I882059 T
>I882404 C
>I882444 A
>I882535 T
>I882536 T
>I882718 G
>I882862 G
>I882960 G
>I883054 C
>I883095 G
>I883171 T
>I883736 A
>I883923 C
>I884119 G
>I884323 G
>I884413 C
>I884873 T
>I885352 T
>I885359 C
>I885533 G
>I885683 A
>I885698 A
>I885727 T
>I886004 T
>I886526 T
>I886527 T
>I886660 G
>I887146 G
>I887147 C
>I887414 G
>I887566 T
>I887622 T
>I887680 T
>I887792 G
>I887862 A
>I887883 T
>I887966 T
>I888091 A
>I888160 A
>I888171 T
>I888192 A
>I888194 C
>I888342 A
>I888535 C
>I888695 C
>I888767 T
>I889357 G
>I889443 T
>I889726 C
>I889733 T
>I889919 G
>I890022 G
>I890041 G
>I890144 C
>I890312 T
>I890404 C
>I890444 T
>I890563 T
>I890575 G
>I890607 C
>I891078 C
>I891390 A
>I891517 A
>I891573 G
>I891644 A
>I891712 C
>I891731 C
>I891873 T
>I891925 C
>I892190 G
>I892322 A
>I892333 C
>I892856 T
>I892893 T
>I892949 G
>I893334 C
>I893511 G
>I893582 C
>I893795 A
>I893870 C
>I894055 G
>I894076 C
>I894332 C
>I894435 A
>I894516 A
>I894517 C
>I894529 G
>I894672 T
>I894710 T
>I894909 T
>I894929 T
>I895001 A
>I895058 A
>I895274 C
>I895532 C
>I895706 A
>I895761 T
>I895850 T
>I895920 C
>I896105 G
>I896249 A
>I896260 G
>I896314 G
>I896325 C
>I896451 G
>I896453 A
>I896670 G
>I896719 C
>I897165 C
>I897185 A
>I897426 C
>I897861 A
>I897895 C
>I898349 A
>I898354 T
>I898448 T
>I898527 T
>I898707 G
>I898765 T
>I898818 G
>I899461 A
>I899474 T
>I899588 C
>I899916 A
>I900024 A
>I900282 C
>I900310 C
>I900454 A
>I900600 G
>I900656 G
>I900773 G
>I900778 G
>I900779 G
>I900920 C
>I901325 C
>I901438 T
>I901515 A
>I901667 T
>I901685 A
>I902267 T
>I902314 C
>I902569 T
>I902958 C
>I903073 A
>I903121 A
>I903162 C
>I903358 G
>I903541 A
>I903713 C
>I903771 C
>I903918 C
>I904103 G
>I904217 C
>I904242 G
>I904315 G
>I904644 C
>I904647 G
>I904750 C
>I904855 A
>I904902 A
>I905023 C
>I905043 A
>I905175 T
>I905179 C
>I905184 A
>I905194 A
>I905319 C
>I905338 A
>I905381 C
>I905721 A
>I905743 C
>I905786 C
>I905946 G
>I906071 C
>I906083 T
>I906332 A
>I906336 G
>I906341 T
>I906352 T
>I906428 A
>I906494 A
>I906549 T
>I906552 G
>I906585 A
>I906809 G
>I906816 A
>I907063 T
>I907195 A
>I907218 T
>I907241 T
>I907327 T
>I907334 T
>I907387 C
>I907416 G
>I907479 G
>I907519 A
>I907599 A
>I907709 T
>I907732 G
>I907901 C
>I908065 C
>I908067 G
>I908218 C
>I908256 T
>I908650 A
>I908666 A
>I908717 G
>I908900 A
>I909026 T
>I909028 T
>I909178 G
>I909312 A
>I909395 T
>I909415 A
>I909503 G
>I909583 A
>I909589 T
>I909649 G
>I909731 T
>I909826 G
>I909907 G
>I909934 T
>I910082 A
>I910325 C
>I910349 C
>I910600 A
>I910734 A
>I910784 G
>I910799 G
>I910960 C
>I911339 T
>I911367 T
>I911508 G
>I911588 A
>I911777 G
>I911859 T
>I912123 C
>I912587 A
>I912646 G
>I912676 G
>I912681 T
>I912723 G
>I912857 G
>I912922 C
>I912987 T
>I913165 G
>I913252 A
>I913397 C
>I913476 G
>I913525 G
>I913613 T
>I914014 G
>I914062 T
>I914664 A
>I914707 C
>I914761 A
>I914911 T
>I915062 C
>I915094 C
>I915138 T
>I915335 C
>I915454 T
>I915467 T
>I915706 G
>I915730 C
>I915813 C
>I915815 T
>I915972 G
>I916204 T
>I916287 C
>I916347 T
>I916381 G
>I916616 C
>I916727 A
>I916765 A
>I916804 G
>I916938 C
>I917027 A
>I917071 T
>I917095 G
>I917128 G
>I917507 T
>I917515 A
>I917638 G
>I917674 C
>I917964 C
>I917990 T
>I918230 A
>I918490 G
>I918595 C
>I918609 A
>I918705 T
>I918832 T
>I918852 G
>I918946 G
>I918958 T
>I919001 A
>I919217 T
>I919529 G
>I919619 A
>I919808 T
>I920082 A
>I920141 T
>I920177 T
>I920243 C
>I920260 C
>I920485 C
>I920489 C
>I920603 T
>I920631 C
>I920791 A
>I920888 G
>I921246 A
>I921277 G
>I921278 A
>I921485 C
>I921491 A
>I921676 T
>I921883 T
>I922066 G
>I922111 C
>I922149 T
>I922180 T
>I922187 A
>I922210 C
>I922310 A
>I922312 G
>I922317 C
>I922371 T
>I922634 T
>I922678 G
>I922785 C
>I923007 G
>I923215 C
>I923364 G
>I923767 C
>I923837 A
>I923920 T
>I923949 A
>I924279 T
>I924378 G
>I924492 A
>I924619 T
>I924688 T
>I924697 A
>I924764 A
>I924793 C
>I924929 A
>I925324 G
>I925742 G
>I926081 G
>I926378 G
>I926627 T
>I926675 G
>I926702 G
>I926916 G
>I927054 C
>I927135 T
>I927152 G
>I927216 G
>I927226 T
>I927256 A
>I927289 A
>I927429 A
>I927521 A
>I927526 A
>I927538 T
>I927604 A
>I927620 A
>I928056 C
>I928747 A
>I928775 T
>I928995 C
>I929367 C
>I929377 A
>I929477 T
>I929960 T
>I930052 T
>I930170 A
>I930195 C
>I930587 A
>I930598 C
>I930654 A
>I931041 T
>I931215 C
>I931256 T
>I931392 A
>I931393 A
>I931458 A
>I931460 C
>I931935 G
>I931950 C
>I932009 C
>I932192 T
>I932279 A
>I932386 G
>I932440 A
>I932446 C
>I932546 A
>I932831 A
>I933048 T
>I933178 T
>I933469 G
>I933593 G
>I933613 G
>I933616 A
>I933832 T
>I933841 A
>I934067 A
>I934420 A
>I934470 A
>I934703 G
>I934832 T
>I934865 T
>I934868 C
>I935024 G
>I935130 G
>I935226 T
>I935815 T
>I936181 T
>I936215 A
>I936365 T
>I936726 A
>I936943 C
>I937008 A
>I937202 C
>I937467 G
>I937711 G
>I937716 G
>I937872 C
>I937952 T
>I937953 T
>I938070 G
>I938217 A
>I938396 T
>I938481 A
>I938560 G
>I938727 A
>I938871 A
>I938875 A
>I938912 C
>I939008 G
>I939011 C
>I939110 C
>I939135 C
>I939295 T
>I939560 A
>I939830 C
>I940019 T
>I940030 C
>I940284 T
>I940380 C
>I940472 C
>I940743 A
>I941092 A
>I941095 T
>I941108 G
>I941431 G
>I941599 C
>I941725 C
>I941902 T
>I942442 G
>I942552 G
>I942580 A
>I942592 A
>I942770 T
>I943032 G
>I943036 A
>I943045 G
>I943075 T
>I943299 C
>I943362 A
>I943412 T
>I943892 G
>I943910 T
>I944163 A
>I944540 A
>I944542 A
>I944702 C
>I944785 G
>I944857 A
>I945055 T
>I945071 C
>I945282 C
>I945326 A
>I945433 C
>I945524 T
>I945639 A
>I945755 C
>I946048 T
>I946305 T
>I946318 C
>I946346 C
>I946440 C
>I946793 T
>I947349 G
>I947405 C
>I947453 T
>I947505 A
>I947659 G
>I947662 A
>I947815 C
>I947937 C
>I947968 T
>I948134 C
>I948257 C
>I948380 G
>I948472 T
>I948565 G
>I948608 G
>I948631 T
>I948683 A
>I948715 A
>I948792 A
>I948987 A
>I949108 A
>I949158 G
>I949163 G
>I949187 T
>I949428 T
>I949579 G
>I949640 A
>I949835 C
>I950318 T
>I950386 T
>I950392 C
>I950589 A
>I950713 G
>I950779 A
>I950879 G
>I950975 G
>I950982 A
>I951333 G
>I951437 C
>I951475 C
>I951543 C
>I951640 A
>I951733 A
>I951822 A
>I951901 A
>I951902 G
>I952019 G
>I952215 A
>I952569 T
>I952628 G
>I952808 C
>I952830 C
>I952866 G
>I952878 A
>I952918 T
>I952976 C
>I953138 A
>I953153 C
>I953396 A
>I953494 T
>I953504 G
>I953635 T
>I953647 C
>I953757 G
>I953857 A
>I954052 G
>I954366 G
>I954374 C
>I954468 G
>I954946 A
>I955047 T
>I955155 T
>I955210 T
>I955278 A
>I955335 T
>I955593 T
>I955629 T
>I955823 T
>I956431 T
>I956814 G
>I956830 A
>I957147 C
>I957168 A
>I957241 G
>I957281 A
>I957285 A
>I957341 A
>I957559 A
>I957757 G
>I957830 A
>I958074 C
>I958075 G
>I958094 T
>I958095 T
>I958155 A
>I958158 G
>I958167 G
>I958323 G
>I958396 T
>I958579 C
>I958713 C
>I959230 G
>I959269 T
>I959271 G
>I959690 A
>I959783 A
>I959786 G
>I959955 G
>I960067 G
>I960184 C
>I960420 G
>I960483 T
>I960489 C
>I960646 A
>I960718 A
>I960842 C
>I960895 C
>I961258 T
>I961345 A
>I961351 C
>I961418 C
>I961486 A
>I961789 G
>I961847 C
>I961855 A
>I961889 C
>I962106 A
>I963187 G
>I963249 G
>I963282 C
>I963283 C
>I963323 T
>I963420 A
>I963441 G
>I963512 C
>I963630 T
>I963636 G
>I963639 T
>I963745 G
>I964048 T
>I964072 A
>I964117 A
>I964693 T
>I964731 C
>I964734 T
>I964770 T
>I964950 T
>I964958 T
>I965168 G
>I965200 C
>I965279 T
>I965415 A
>I965575 C
>I965691 C
>I965717 A
>I965771 C
>I965874 T
>I966195 T
>I966469 G
>I966478 C
>I966584 A
>I966588 G
>I966617 T
>I966631 A
>I966710 T
>I966779 A
>I966984 T
>I967092 T
>I967135 A
>I967262 C
>I967271 G
>I967507 T
>I967587 T
>I967698 A
>I967762 C
>I968051 A
>I968120 A
>I968561 C
>I968859 A
>I969032 A
>I969309 A
>I969313 A
>I969315 T
>I969323 A
>I969727 G
>I970771 G
>I971077 A
>I971289 T
>I971441 A
>I971869 T
>I972001 T
>I972157 A
>I972226 G
>I972375 A
>I972423 A
>I972520 C
>I972547 G
>I972673 A
>I972954 G
>I972967 T
>I973008 A
>I973122 A
>I973251 T
>I973276 A
>I973318 T
>I973345 A
>I973392 A
>I973562 G
>I973663 C
>I973793 T
>I973864 C
>I973892 A
>I974005 G
>I974072 G
>I974217 A
>I974696 A
>I975190 T
>I975264 A
>I975322 G
>I975479 T
>I975574 C
>I975597 G
>I975612 T
>I975699 T
>I975728 G
>I975732 C
>I975736 T
>I975771 G
>I976207 T
>I976262 A
>I976468 T
>I976602 C
>I976654 T
>I976737 G
>I977000 G
>I977045 G
>I977051 G
>I977059 G
>I977066 C
>I977095 A
>I977317 T
>I977340 A
>I977382 C
>I977397 C
>I977401 A
>I977883 C
>I977892 G
>I977966 A
>I978011 G
>I978041 T
>I978270 T
>I978376 A
>I978589 C
>I978928 A
>I978956 G
>I978957 G
>I979012 G
>I979056 T
>I979073 C
>I979150 C
>I979226 C
>I979377 G
>I979657 A
>I979957 G
>I979975 G
>I980000 C
>I980012 C
>I980193 G
>I980589 A
>I980658 C
>I980682 T
>I980769 T
>I980801 G
>I980954 T
>I980972 C
>I981067 C
>I981124 G
>I981224 T
>I981301 C
>I981338 A
>I981484 T
>I981578 C
>I981670 C
>I982306 T
>I982510 G
>I982557 G
>I982649 G
>I982712 A
>I982874 C
>I983186 G
>I983310 C
>I983629 T
>I983652 T
>I983661 C
>I984053 T
>I984096 C
>I984166 A
>I984259 C
>I984274 T
>I984674 G
>I984698 C
>I984758 A
>I984844 G
>I985544 A
>I985896 T
>I986038 C
>I986258 G
>I986280 A
>I986281 A
>I986357 G
>I986495 T
>I986938 G
>I986956 G
>I987172 G
>I987686 G
>I987756 G
>I987761 G
>I988022 A
>I988139 A
>I988588 G
>I988641 T
>I988871 G
>I988893 G
>I988932 C
>I989102 A
>I989254 A
>I989373 T
>I989604 T
>I989886 C
>I989994 G
>I990335 T
>I990621 T
>I990727 G
>I990855 G
>I990892 G
>I990943 C
>I991096 T
>I991695 C
>I991807 G
>I992169 G
>I992255 C
>I992610 C
>I992661 T
>I992736 T
>I992746 A
>I992922 C
>I993179 G
>I993193 T
>I993328 G
>I993332 G
>I993364 G
>I993516 A
>I993518 G
>I993532 G
>I993797 C
>I993978 C
>I994240 T
>I994640 T
>I994676 C
>I994773 A
>I994818 C
>I994867 T
>I995087 T
>I995100 C
>I995176 C
>I995576 T
>I995689 A
>I995863 C
>I995959 G
>I996036 G
>I996045 A
>I996115 G
>I996190 T
>I996191 T
>I996295 G
>I996568 C
>I996603 C
>I996688 G
>I996787 G
>I997356 T
>I997610 C
>I997936 C
>I998188 G
>I998260 C
>I998401 C
>I998426 C
>I998523 G
>I998599 G
>I998611 G
>I998745 A
>I998784 A
>I998856 C
>I998915 G
>I998930 G
>I998996 G
>I999396 C
>I999418 T
>I999550 T
>I999729 G
>D291 A
>D511 T
>D683 C
>D1212 T
>D1230 T
>D1293 C
>D2315 G
>D2336 C
>D2582 T
>D2690 C
>D2798 T
>D2806 G
>D2822 G
>D2867 A
>D2934 G
>D3040 C
>D3042 C
>D3052 G
>D3191 T
>D3700 G
>D3768 T
>D4195 C
>D4489 T
>D4691 C
>D5033 G
>D5058 T
>D5143 C
>D5297 G
>D5492 A
>D5599 C
>D5817 T
>D5821 G
>D6238 C
>D6270 A
>D6331 G
>D6440 C
>D6451 A
>D6554 G
>D6708 T
>D6743 A
>D6814 T
>D6904 T
>D7089 T
>D7116 T
>D7603 T
>D7769 T
>D8114 C
>D8476 C
>D8560 C
>D9026 A
>D9435 T
>D9905 G
>D9930 A
>D10400 T
>D10454 A
>D10578 A
>D10616 G
>D10621 G
>D10628 T
>D10726 T
>D10877 A
>D10890 A
>D10892 A
>D10967 C
>D11001 C
>D11055 A
>D11086 C
>D11117 C
>D11131 A
>D11187 T
>D11423 T
>D11425 T
>D11444 G
>D11520 G
>D11521 T
>D11817 G
>D12000 T
>D12117 G
>D12236 A
>D12290 T
>D12395 G
>D12448 T
>D12457 T
>D12532 G
>D12682 T
>D12869 C
>D13002 T
>D13453 C
>D13513 T
>D13577 A
>D13644 G
>D13709 G
>D13726 A
>D13806 C
>D13855 G
>D14017 A
>D14401 C
>D14622 C
>D15307 T
>D15487 A
>D15916 C
>D15959 A
>D15963 T
>D16158 A
>D16200 C
>D16377 G
>D16477 T
>D16499 T
>D16558 A
>D16692 T
>D16761 A
>D16989 C
>D17919 T
>D18706 A
>D19185 G
>D19333 A
>D19672 G
>D19940 T
>D20070 G
>D20085 C
>D20273 G
>D20280 G
>D20403 G
>D20915 G
>D20965 A
>D21325 A
>D21394 T
>D21402 C
>D21458 A
>D21625 A
>D21805 C
>D21849 A
>D22054 T
>D22382 G
>D22622 C
>D22842 T
>D23132 A
>D23184 A
>D23503 T
>D23588 T
>D23627 C
>D23769 T
>D23811 T
>D24102 A
>D24116 A
>D24584 T
>D24870 T
>D25031 A
>D25143 C
>D25246 A
>D25313 T
>D25404 T
>D25465 G
>D25606 C
>D25629 C
>D26300 G
>D26483 G
>D26614 G
>D26887 A
>D27125 C
>D27238 C
>D27306 A
>D27661 G
>D27967 A
>D27997 C
>D28000 T
>D28269 C
>D28289 G
>D28813 C
>D28960 T
>D29692 A
>D29711 G
>D29751 G
>D29862 A
>D30082 G
>D30527 C
>D30795 G
>D30920 A
>D31208 A
>D31306 T
>D31375 C
>D31435 C
>D31512 T
>D31564 A
>D31609 T
>D31928 T
>D32211 G
>D32288 C
>D32844 T
>D32888 G
>D33309 T
>D33600 T
>D33927 A
>D34136 C
>D34143 C
>D34229 A
>D34337 G
>D34458 A
>D34633 G
>D34866 G
>D35129 C
>D35146 A
>D35165 G
>D35188 G
>D35296 T
>D35297 A
>D35438 C
>D35516 G
>D35547 C
>D35783 C
>D35788 G
>D35823 G
>D35849 T
>D36161 T
>D36433 A
>D36481 G
>D36556 T
>D36558 A
>D37050 G
>D37080 C
>D37139 C
>D37187 T
>D37199 C
>D37258 C
>D37577 G
>D38108 G
>D38320 C
>D38323 A
>D38403 G
>D38421 A
>D38520 A
>D38634 G
>D38679 C
>D38842 A
>D39137 C
>D39271 A
>D39342 T
>D39442 C
>D39722 G
>D39885 T
>D40002 C
>D40216 G
>D40229 A
>D40532 T
>D40539 C
>D40556 A
>D40584 T
>D40644 G
>D40669 T
>D40832 T
>D40880 A
>D40993 A
>D41027 T
>D41428 G
>D41570 T
>D41584 G
>D41615 T
>D42304 G
>D42404 G
>D42525 G
>D42600 A
>D42609 A
>D43314 C
>D43367 T
>D43555 T
>D43990 A
>D44558 T
>D44647 G
>D44792 C
>D44797 A
>D44896 C
>D45049 T
>D45061 T
>D45065 T
>D45261 G
>D45675 A
>D45904 A
>D45949 T
>D45995 A
>D46418 A
>D46478 C
>D46537 C
>D46708 T
>D46812 T
>D46879 C
>D46919 G
>D46944 A
>D47114 T
>D47156 A
>D47413 G
>D47496 T
>D47633 G
>D47967 T
>D48042 A
>D48201 T
>D48266 C
>D48367 C
>D48554 C
>D48688 A
>D48870 C
>D48975 T
>D49071 A
>D49124 G
>D49158 T
>D49185 C
>D49308 A
>D49580 G
>D49872 G
>D50101 A
>D50570 A
>D50795 G
>D50924 C
>D50933 G
>D50941 A
>D51017 C
>D51538 A
>D51646 G
>D51821 T
>D52022 T
>D52024 T
>D52509 C
>D52674 T
>D52722 C
>D52749 A
>D52794 T
>D52859 A
>D52914 G
>D53104 G
>D53130 A
>D53354 G
>D53873 T
>D54002 T
>D54060 C
>D54257 C
>D54418 T
>D54449 C
>D54583 A
>D54814 C
>D54912 T
>D54916 C
>D55006 T
>D55083 A
>D55137 G
>D55172 A
>D55314 T
>D55411 A
>D55550 A
>D55671 C
>D55781 A
>D56112 A
>D56154 C
>D56172 T
>D56263 G
>D56466 T
>D56708 A
>D56815 A
>D57027 G
>D57113 G
>D57164 G
>D57170 G
>D57659 A
>D57688 C
>D57791 T
>D57990 C
>D58029 T
>D58124 A
>D58159 C
>D58190 A
>D58364 G
>D58458 G
>D58598 T
>D58607 T
>D58618 T
>D58627 T
>D58656 A
>D58837 T
>D58897 A
>D58931 A
>D58962 C
>D58969 A
>D58973 G
>D59028 C
>D59101 G
>D59300 C
>D59342 C
>D59517 G
>D59560 A
>D60483 T
>D60651 G
>D60692 T
>D60747 T
>D60751 C
>D60858 C
>D61083 C
>D61193 T
>D61330 T
>D61552 A
>D61694 T
>D61764 G
>D61924 C
>D61972 A
>D62224 C
>D62543 T
>D62915 A
>D62967 A
>D63077 T
>D63129 T
>D63307 A
>D63363 A
>D63365 T
>D63494 C
>D63741 G
>D63978 C
>D64111 G
>D64384 T
>D64392 T
>D64400 C
>D64752 G
>D65091 T
>D65382 A
>D65684 C
>D65711 G
>D65977 T
>D65999 G
>D66100 G
>D66243 A
>D66271 G
>D66320 G
>D66464 C
>D66734 C
>D67179 C
>D67444 A
>D67576 T
>D67654 G
>D67868 G
>D67902 T
>D67926 C
>D67983 G
>D67988 A
>D68129 T
>D68271 C
>D68781 G
>D69235 A
>D69421 C
>D69686 T
>D70451 G
>D70452 G
>D70546 C
>D70685 C
>D70691 T
>D71011 T
>D71019 A
>D71075 T
>D71188 C
>D71233 C
>D71322 G
>D71382 A
>D71417 T
>D72064 C
>D72080 G
>D72126 T
>D72137 G
>D72303 C
>D72410 C
>D72477 G
>D72648 G
>D72941 A
>D72995 G
>D73020 T
>D73180 T
>D73356 T
>D73413 A
>D73689 T
>D73879 G
>D74014 G
>D74269 A
>D74417 C
>D74726 A
>D74932 A
>D75390 C
>D75542 C
>D75623 A
>D75633 G
>D75655 G
>D75759 G
>D76231 T
>D76346 G
>D76352 T
>D76388 G
>D76512 G
>D76540 T
>D76843 A
>D77033 T
>D77241 T
>D77246 C
>D77424 G
>D77506 C
>D77666 C
>D77874 A
>D77875 T
>D77906 C
>D77926 C
>D77979 A
>D78121 G
>D78337 C
>D79057 A
>D79065 T
>D79177 G
>D79453 T
>D79785 T
>D79787 G
>D80121 T
>D80254 C
>D80764 G
>D80958 T
>D81184 G
>D81186 C
>D81304 T
>D81542 C
>D81781 C
>D81793 A
>D81835 C
>D81973 G
>D82115 A
>D82300 A
>D82552 A
>D82608 T
>D82640 C
>D83076 C
>D83286 T
>D83419 A
>D83760 T
>D83859 T
>D84050 C
>D84071 A
>D84074 T
>D84139 T
>D84318 G
>D84342 G
>D84539 C
>D84570 C
>D84743 A
>D84842 G
>D85191 T
>D85335 T
>D85486 T
>D85654 T
>D85836 A
>D85912 A
>D86029 A
>D86106 A
>D86154 C
>D86259 T
>D86262 T
>D86908 G
>D87025 T
>D87111 T
>D87187 A
>D87248 C
>D87306 T
>D87462 C
>D87504 C
>D87988 T
>D88165 G
>D88338 A
>D88406 C
>D88577 T
>D88591 G
>D88595 C
>D88711 A
>D88728 A
>D88788 A
>D88856 T
>D88899 T
>D89003 T
>D89314 C
>D89614 C
>D90028 T
>D90085 T
>D90120 C
>D90161 C
>D90239 A
>D90275 T
>D90338 G
>D90393 C
>D90562 A
>D90630 G
>D90790 A
>D91007 T
>D91052 G
>D91099 C
>D91506 T
>D92340 C
>D92393 T
>D92460 A
>D92721 T
>D92918 A
>D93059 C
>D93080 A
>D93137 C
>D93139 T
>D93768 T
>D93936 G
>D93970 A
>D94210 A
>D94245 T
>D94650 G
>D94905 A
>D95078 C
>D95333 C
>D95466 T
>D95522 A
>D95836 A
>D95864 T
>D95990 T
>D96102 T
>D96178 G
>D96197 T
>D96217 T
>D96271 C
>D96357 C
>D96636 T
>D96835 A
>D96986 G
>D97045 C
>D97232 C
>D97698 G
>D97701 T
>D97745 C
>D97866 G
>D97876 G
>D97922 T
>D97934 C
>D98081 T
>D98103 A
>D98137 T
>D98184 T
>D98232 C
>D98315 G
>D98471 C
>D98503 G
>D98633 A
>D98650 T
>D98856 T
>D98887 A
>D98955 A
>D99037 C
>D99107 C
>D99202 A
>D99522 T
>D99661 T
>D100051 C
>D100246 A
>D100350 C
>D100620 G
>D100715 G
>D100817 G
>D100844 G
>D100864 G
>D100892 C
>D100972 C
>D100998 A
>D101132 C
>D101310 C
>D102069 T
>D102092 C
>D102416 A
>D102481 G
>D103074 G
>D103188 T
>D103499 C
>D103579 T
>D103892 G
>D104024 G
>D104114 G
>D104220 T
>D104360 T
>D104458 C
>D104495 C
>D104618 C
>D104760 G
>D104826 A
>D105231 T
>D105365 A
>D105373 T
>D105495 A
>D105852 T
>D106021 T
>D106188 C
>D106311 A
>D106714 C
>D107051 A
>D107221 A
>D107582 C
>D107621 G
>D107819 C
>D108357 T
>D108628 C
>D108631 A
>D108634 T
>D108817 A
>D108830 A
>D108899 A
>D109262 A
>D109492 C
>D109809 A
>D109893 T
>D109912 C
>D110382 A
>D110496 G
>D110639 A
>D110848 G
>D110982 A
>D111198 G
>D111206 G
>D111873 C
>D111906 C
>D112023 C
>D112063 A
>D112157 G
>D112267 T
>D112328 A
>D112514 A
>D112898 C
>D113269 A
>D113447 G
>D113480 T
>D113483 T
>D113514 A
>D113577 G
>D113579 A
>D113833 G
>D113843 C
>D113988 A
>D114125 C
>D114327 T
>D114384 C
>D114418 A
>D114432 C
>D114465 C
>D114473 G
>D114475 G
>D114662 T
>D114798 T
>D114818 G
>D114934 G
>D114985 G
>D115362 A
>D115369 A
>D115800 C
>D115927 C
>D116079 G
>D116114 C
>D116242 G
>D116319 C
>D116455 C
>D116518 A
>D116525 C
>D116574 G
>D116702 C
>D116860 A
>D117027 C
>D117073 G
>D117184 A
>D117195 A
>D117409 A
>D117476 A
>D117849 T
>D118054 T
>D118608 C
>D118675 C
>D118725 C
>D118777 G
>D118913 A
>D119128 T
>D119550 G
>D120266 C
>D120398 C
>D120465 A
>D120599 A
>D120616 G
>D120700 A
>D120736 G
>D120768 A
>D120850 G
>D120887 G
>D120998 C
>D121131 T
>D121254 T
>D121346 G
>D121365 A
>D121453 A
>D121596 T
>D121641 A
>D121865 A
>D122002 A
>D122078 C
>D122181 G
>D122774 C
>D122783 G
>D122814 T
>D122954 G
>D123588 G
>D123697 T
>D123825 T
>D124318 T
>D124569 T
>D124855 G
>D124921 A
>D124931 G
>D124969 G
>D125394 C
>D125499 C
>D125772 T
>D125782 T
>D126329 C
>D126774 G
>D127122 T
>D127133 T
>D127203 G
>D128423 A
>D128425 G
>D128434 G
>D128435 A
>D128590 C
>D128756 G
>D129012 T
>D129016 G
>D129071 C
>D129415 T
>D129724 C
>D130185 T
>D130190 A
>D130247 C
>D130583 A
>D130658 A
>D131203 T
>D131317 G
>D131392 A
>D131687 T
>D131800 A
>D132296 G
>D132347 A
>D132431 G
>D132903 C
>D133001 C
>D133050 C
>D133128 C
>D133274 C
>D133594 G
>D133657 T
>D133787 A
>D134018 G
>D134122 C
>D134557 A
>D134574 C
>D134754 G
>D134844 A
>D134973 T
>D135473 G
>D135490 A
>D135647 A
>D135703 C
>D135758 C
>D135908 A
>D135988 G
>D136187 T
>D136498 C
>D136526 C
>D136863 A
>D136930 A
>D137012 T
>D137128 G
>D137303 T
>D137314 A
>D137586 C
>D137632 G
>D137677 C
>D137880 G
>D137986 G
>D138167 C
>D138548 G
>D138674 C
>D139107 C
>D139137 A
>D139151 C
>D139765 T
>D139910 T
>D140035 A
>D140086 G
>D140100 C
>D140357 T
>D140453 C
>D140645 C
>D140722 A
>D140785 C
>D140787 A
>D141058 T
>D141125 G
>D141141 G
>D141176 T
>D141188 A
>D141295 G
>D141368 T
>D141669 T
>D141861 A
>D142018 G
>D142041 C
>D142373 A
>D142760 C
>D142870 G
>D143007 G
>D143055 C
>D143119 T
>D143258 C
>D143394 A
>D143705 G
>D144016 G
>D144066 A
>D144159 A
>D144188 C
>D144295 A
>D144299 G
>D144861 A
>D144950 T
>D145333 A
>D145455 T
>D145527 C
>D145772 A
>D145925 A
>D145981 A
>D145998 T
>D146120 G
>D146217 C
>D146237 A
>D146370 A
>D146395 A
>D146513 C
>D146789 T
>D146931 G
>D147164 G
>D147957 G
>D148043 C
>D148203 T
>D148366 C
>D148419 C
>D148472 G
>D148654 T
>D149030 A
>D149215 G
>D149316 G
>D149336 G
>D149344 G
>D149354 A
>D149451 C
>D149492 A
>D149503 T
>D149745 G
>D149840 T
>D150107 G
>D150518 C
>D150784 G
>D151199 A
>D151329 A
>D151425 G
>D151686 T
>D151706 G
>D151841 G
>D151862 G
>D151887 T
>D152061 T
>D152258 C
>D152268 G
>D152291 G
>D152292 G
>D152448 T
>D152706 T
>D152772 G
>D152790 A
>D152832 A
>D152905 A
>D153005 T
>D153269 A
>D153377 T
>D153414 T
>D153456 C
>D153550 A
>D153570 A
>D153646 C
>D153764 T
>D153955 A
>D154191 A
>D154220 C
>D154289 A
>D154353 A
>D154379 A
>D154476 A
>D154495 A
>D154506 C
>D154593 C
>D154632 G
>D154719 G
>D154746 G
>D154854 A
>D155075 C
>D155084 T
>D155093 A
>D155661 T
>D155867 T
>D155905 A
>D156006 T
>D156145 T
>D156433 T
>D156628 C
>D156629 C
>D156646 G
>D156706 G
>D156821 C
>D156865 T
>D156912 A
>D157094 C
>D157210 A
>D157450 G
>D157568 G
>D157750 G
>D157842 C
>D157889 A
>D158178 T
>D158284 T
>D158314 G
>D158635 G
>D159198 A
>D159539 A
>D159612 C
>D160026 A
>D160128 C
>D160337 A
>D160449 G
>D160787 G
>D160888 A
>D161106 G
>D161130 T
>D161264 T
>D161268 G
>D161399 G
>D161505 A
>D161552 T
>D161676 G
>D161815 A
>D162124 A
>D162163 G
>D162248 A
>D162452 T
>D162529 A
>D163018 C
>D163275 A
>D163278 G
>D163288 A
>D163330 T
>D163408 C
>D163495 C
>D163516 G
>D163592 T
>D163593 C
>D165058 G
>D165112 C
>D165219 G
>D165453 C
>D165789 T
>D165806 G
>D165864 C
>D165938 C
>D165986 C
>D166295 T
>D166421 T
>D167109 T
>D167122 A
>D167220 A
>D167443 T
>D167593 A
>D167914 T
>D167928 G
>D168023 G
>D168231 A
>D168530 C
>D168597 A
>D168779 C
>D168808 C
>D168902 A
>D169205 C
>D169307 C
>D169390 T
>D169579 G
>D169823 G
>D169896 A
>D169899 T
>D169902 T
>D169911 G
>D170116 C
>D170123 T
>D170164 C
>D170364 G
>D170374 T
>D170602 C
>D170653 A
>D170700 C
>D170734 A
>D170848 C
>D170868 C
>D170881 G
>D170951 C
>D171005 A
>D171025 C
>D171051 T
>D171111 T
>D171146 T
>D171202 C
>D171266 G
>D171480 A
>D171812 T
>D171999 A
>D172147 T
>D172598 A
>D173187 C
>D173523 C
>D173559 A
>D173587 G
>D173694 C
>D173806 A
>D173966 A
>D174115 A
>D174417 C
>D174517 A
>D174679 A
>D174762 G
>D174866 C
>D174881 G
>D174897 C
>D175056 A
>D175114 C
>D175175 C
>D175262 G
>D175620 A
>D175759 T
>D175869 T
>D175976 T
>D176258 T
>D176319 G
>D176409 T
>D176424 A
>D176438 G
>D176706 G
>D177587 G
>D177589 C
>D177883 C
>D177983 A
>D178142 T
>D178929 T
>D178934 C
>D179044 G
>D179058 C
>D179099 C
>D179188 G
>D179634 A
>D180017 A
>D180043 C
>D180146 G
>D180340 G
>D180634 T
>D180683 G
>D180871 G
>D180954 C
>D181096 A
>D181211 G
>D181280 A
>D181293 G
>D181533 T
>D181538 C
>D181971 A
>D182007 T
>D182032 G
>D182297 C
>D182307 C
>D182686 G
>D182779 C
>D182852 T
>D182872 C
>D183112 C
>D183310 A
>D183416 C
>D183456 T
>D183623 T
>D183782 T
>D183911 T
>D184499 A
>D184830 A
>D185063 T
>D185089 A
>D185114 A
>D185206 G
>D185487 T
>D185561 G
>D185848 A
>D186288 C
>D186341 T
>D186464 C
>D186624 C
>D186627 C
>D186635 T
>D186913 C
>D187335 G
>D187535 G
>D187544 C
>D187684 A
>D187790 A
>D187960 G
>D188019 T
>D188175 C
>D188453 C
>D188498 A
>D188577 T
>D188925 A
>D189071 C
>D189204 G
>D189216 G
>D189218 G
>D189275 T
>D189833 A
>D189965 A
>D189974 T
>D190142 T
>D190234 G
>D190453 A
>D190661 A
>D191026 C
>D191112 T
>D191114 G
>D191126 T
>D191464 A
>D191652 C
>D191735 C
>D191840 G
>D192275 T
>D192348 A
>D192390 A
>D192404 A
>D192530 A
>D192533 G
>D192680 G
>D192792 A
>D192819 C
>D192975 C
>D193054 G
>D193127 C
>D193177 C
>D193563 C
>D193582 A
>D194166 A
>D194225 A
>D194287 C
>D194561 G
>D194641 G
>D194931 T
>D194980 T
>D195055 C
>D195413 G
>D195459 G
>D195549 T
>D195700 C
>D195794 T
>D195859 T
>D195869 G
>D196099 C
>D196324 C
>D196372 C
>D196400 C
>D196580 C
>D196586 G
>D196604 G
>D196685 C
>D196770 C
>D196806 A
>D196810 T
>D197011 G
>D197025 T
>D197316 G
>D197388 A
>D197479 T
>D197964 G
>D198015 G
>D198129 T
>D198247 G
>D198451 G
>D198760 G
>D199098 C
>D199196 C
>D199242 T
>D199250 A
>D199422 C
>D199505 C
>D199557 A
>D199646 G
>D199705 G
>D199714 C
>D199716 A
>D199734 G
>D199804 G
>D199824 C
>D199926 C
>D200247 T
>D200871 A
>D201091 A
>D201784 C
>D201865 C
>D201996 T
>D202157 A
>D202198 G
>D202252 G
>D202254 C
>D202377 C
>D202401 T
>D202452 G
>D202455 T
>D202491 A
>D202529 A
>D202741 A
>D202947 C
>D202955 C
>D203001 A
>D203234 G
>D203276 G
>D203449 C
>D203823 G
>D203869 C
>D204101 A
>D204111 A
>D204293 G
>D204429 A
>D204748 T
>D204998 T
>D205013 T
>D205090 A
>D205092 T
>D205156 C
>D205419 T
>D205466 A
>D205632 G
>D205679 T
>D205721 T
>D205743 A
>D205898 G
>D205904 C
>D206074 G
>D206150 C
>D206300 T
>D206529 G
>D206622 G
>D206640 T
>D206930 C
>D207024 A
>D207035 G
>D207226 C
>D207276 A
>D207566 C
>D207631 T
>D207786 T
>D208304 G
>D208326 G
>D208354 C
>D208525 G
>D208637 T
>D208684 T
>D209356 T
>D209463 G
>D209529 A
>D209589 A
>D209696 G
>D209743 C
>D209978 T
>D210006 C
>D210469 T
>D210911 C
>D211295 C
>D211331 T
>D211380 A
>D211483 T
>D211507 A
>D211645 C
>D211839 G
>D211991 T
>D212203 A
>D212420 A
>D212430 G
>D212489 C
>D212588 T
>D212754 T
>D212823 T
>D213155 A
>D213253 C
>D213284 C
>D213628 G
>D213643 G
>D213668 A
>D213751 G
>D213871 A
>D213941 T
>D214133 C
>D214678 A
>D214930 A
>D214968 T
>D215022 G
>D215039 A
>D215046 T
>D215074 C
>D215078 C
>D215094 T
>D215160 A
>D215352 A
>D215702 G
>D216269 T
>D216491 C
>D216513 T
>D216551 C
>D216685 C
>D216763 A
>D216766 A
>D216816 A
>D217034 A
>D217056 C
>D217174 C
>D217301 C
>D217348 G
>D217566 T
>D217594 A
>D217604 G
>D217953 C
>D218054 G
>D218388 A
>D218632 T
>D218644 A
>D218702 C
>D218912 G
>D218959 A
>D219374 G
>D219457 C
>D219518 A
>D220069 A
>D220072 G
>D220133 C
>D220156 T
>D220245 C
>D220849 A
>D220888 T
>D221022 C
>D221127 C
>D221144 C
>D221273 A
>D221489 C
>D221562 G
>D221978 C
>D221980 T
>D222015 G
>D222192 G
>D222385 C
>D222388 A
>D222578 A
>D222676 T
>D222751 G
>D222929 G
>D223309 T
>D223686 A
>D223822 G
>D223917 C
>D224045 T
>D224145 A
>D224179 A
>D224302 A
>D224364 C
>D224556 A
>D224592 C
>D224693 G
>D224699 T
>D224991 G
>D225096 C
>D225318 A
>D225552 T
>D226073 T
>D226130 C
>D226173 A
>D226310 G
>D227360 A
>D227533 A
>D227731 T
>D227889 T
>D227911 G
>D228478 C
>D229495 T
>D230164 T
>D230175 T
>D230177 C
>D230346 G
>D230445 A
>D230505 C
>D230543 G
>D230739 A
>D231209 T
>D231239 A
>D231388 A
>D231395 G
>D231468 A
>D231722 C
>D231837 A
>D231889 A
>D231955 C
>D232019 T
>D232022 T
>D232047 C
>D232102 A
>D232207 A
>D232258 C
>D232336 A
>D232376 C
>D232451 A
>D232558 C
>D232751 A
>D233051 C
>D233166 A
>D233321 G
>D233338 C
>D233527 T
>D233562 A
>D233700 T
>D233833 T
>D233851 A
>D233908 A
>D234309 T
>D234554 A
>D235112 G
>D235173 C
>D235187 G
>D235240 C
>D235360 G
>D235738 C
>D235833 T
>D235954 C
>D236113 G
>D236205 A
>D236321 C
>D236324 A
>D236511 G
>D236648 A
>D236735 T
>D237017 C
>D237104 C
>D237244 G
>D237334 G
>D237367 C
>D237477 G
>D237504 C
>D237870 A
>D237881 T
>D237960 T
>D237974 G
>D238027 G
>D238433 A
>D238712 A
>D238722 C
>D238833 G
>D239193 A
>D239199 A
>D239289 G
>D239344 A
>D239787 T
>D239838 G
>D239856 C
>D240031 G
>D240078 G
>D240243 T
>D240664 T
>D240883 C
>D241013 G
>D241372 G
>D241551 C
>D241991 C
>D242297 A
>D242563 T
>D242580 T
>D242642 C
>D242983 C
>D243094 G
>D243114 C
>D243116 G
>D243121 A
>D243372 G
>D243522 T
>D243530 T
>D243754 A
>D244029 G
>D244139 A
>D244238 T
>D244355 T
>D244468 T
>D244578 G
>D244682 T
>D245043 A
>D245198 A
>D245362 A
>D245374 G
>D245439 T
>D245575 G
>D245576 G
>D245913 T
>D245934 C
>D246019 C
>D246108 G
>D246223 A
>D246264 C
>D246444 A
>D246471 C
>D246549 A
>D246688 A
>D246698 A
>D246810 A
>D246934 G
>D247162 C
>D247363 G
>D247413 C
>D247467 C
>D247938 A
>D247974 C
>D248307 T
>D248358 A
>D248419 A
>D248445 A
>D248452 G
>D248530 C
>D248539 A
>D248825 T
>D248951 G
>D249062 A
>D249065 A
>D249100 T
>D249238 C
>D249379 C
>D249780 G
>D249912 G
>D249966 G
>D250190 T
>D250287 A
>D250569 T
>D250992 G
>D251013 A
>D251038 T
>D251130 A
>D251223 A
>D251244 T
>D251397 C
>D251659 G
>D251715 A
>D251807 A
>D252459 A
>D252636 C
>D252644 T
>D252660 G
>D252721 T
>D252767 C
>D252809 A
>D253386 T
>D253433 A
>D253567 T
>D253638 A
>D253708 C
>D253750 C
>D253901 A
>D253948 T
>D254026 C
>D254126 C
>D254228 G
>D254311 A
>D254398 A
>D254779 G
>D254908 C
>D254986 T
>D255247 C
>D255554 G
>D255717 G
>D255865 G
>D255963 T
>D256134 C
>D256276 C
>D256697 G
>D256776 T
>D257022 C
>D257379 T
>D257442 A
>D257463 G
>D257475 G
>D257519 T
>D257557 A
>D257641 G
>D257814 A
>D257882 T
>D258059 T
>D258140 A
>D258247 G
>D258262 T
>D258285 A
>D258700 C
>D258965 T
>D259082 T
>D259168 T
>D259278 C
>D259439 C
>D259600 C
>D259678 C
>D259815 A
>D259877 A
>D259926 T
>D259956 C
>D260168 A
>D260321 A
>D260343 T
>D260382 C
>D260437 G
>D260508 T
>D260552 G
>D260555 T
>D260626 G
>D260695 C
>D260784 C
>D260938 C
>D261070 A
>D261306 C
>D261333 A
>D261352 A
>D261404 A
>D261603 C
>D261688 T
>D261789 T
>D262051 C
>D262126 C
>D262835 A
>D262853 C
>D263165 A
>D263361 A
>D263362 A
>D263413 A
>D263531 C
>D263546 A
>D263905 T
>D263981 G
>D264050 C
>D264108 C
>D264153 A
>D264690 A
>D264700 A
>D264726 A
>D264787 G
>D265551 A
>D265558 A
>D265693 C
>D265695 T
>D265954 G
>D266168 T
>D266288 A
>D266419 G
>D266569 T
>D266661 C
>D267199 C
>D267527 C
>D267553 G
>D267604 C
>D267697 T
>D267698 T
>D267787 T
>D268053 G
>D268179 A
>D268614 G
>D268703 G
>D269191 A
>D269270 G
>D269343 T
>D269375 G
>D269740 C
>D269968 G
>D270212 C
>D270306 C
>D270383 A
>D270568 A
>D270632 G
>D270905 G
>D271314 A
>D271339 G
>D271407 C
>D271454 A
>D271756 A
>D271884 G
>D272132 T
>D272404 G
>D272444 T
>D272491 T
>D272501 A
>D272546 T
>D272592 G
>D272668 G
>D272682 G
>D272691 T
>D273062 T
>D273785 T
>D273924 G
>D274148 T
>D274351 C
>D274679 C
>D274720 A
>D275052 C
>D275055 A
>D275580 C
>D275595 G
>D275645 C
>D275754 C
>D275803 G
>D275817 G
>D275947 T
>D276070 T
>D276295 G
>D276494 A
>D276568 T
>D276973 T
>D277351 T
>D277609 C
>D277642 G
>D277705 G
>D277715 T
>D277722 C
>D277946 G
>D277960 A
>D278103 C
>D278156 T
>D278428 G
>D278485 G
>D278927 G
>D279716 G
>D279919 A
>D279950 A
>D280083 A
>D280535 T
>D280754 T
>D280757 A
>D281112 G
>D281363 C
>D281493 G
>D281554 T
>D281801 A
>D281902 C
>D281909 G
>D282067 C
>D282070 T
>D282078 T
>D282288 C
>D282382 T
>D282439 A
>D282650 A
>D282662 C
>D282688 T
>D282791 T
>D282800 G
>D282905 A
>D283207 C
>D283428 A
>D283542 A
>D283550 T
>D283760 A
>D283803 T
>D284328 G
>D284369 C
>D284419 T
>D284451 A
>D284611 A
>D284703 T
>D284832 T
>D284838 T
>D284845 G
>D284974 G
>D284988 C
>D285408 G
>D285440 G
>D285464 T
>D285774 A
>D285779 T
>D285810 T
>D285873 A
>D285964 A
>D286308 G
>D286383 G
>D286465 C
>D286509 C
>D286651 G
>D286679 C
>D286772 T
>D286859 G
>D286871 C
>D287204 C
>D287341 A
>D287456 T
>D287474 C
>D287487 G
>D287753 C
>D287842 T
>D288133 A
>D288523 G
>D288651 C
>D288886 C
>D289027 A
>D289029 A
>D289041 A
>D289219 T
>D289264 A
>D289328 A
>D289393 G
>D289545 C
>D289696 T
>D289779 C
>D289798 G
>D290262 A
>D290460 T
>D290826 G
>D290928 A
>D291082 G
>D291415 T
>D291476 T
>D291585 A
>D291929 T
>D291947 C
>D291973 C
>D292017 T
>D292044 A
>D292262 T
>D292276 A
>D292305 G
>D292535 T
>D292607 C
>D292759 G
>D292806 A
>D293092 C
>D293153 G
>D293257 T
>D293613 A
>D293667 C
>D293811 T
>D293886 C
>D293921 T
>D294341 A
>D294527 C
>D294589 A
>D294599 G
>D294694 T
>D294716 G
>D295105 A
>D295241 C
>D295590 A
>D295779 T
>D296592 A
>D297285 T
>D297302 C
>D297376 A
>D297661 G
>D297955 C
>D298273 T
>D298277 T
>D298506 C
>D299070 A
>D299074 A
>D299622 G
>D299929 T
>D300227 A
>D300345 T
>D300405 G
>D300482 G
>D300719 C
>D301025 G
>D301062 G
>D301067 T
>D301300 C
>D301456 C
>D301603 C
>D301647 T
>D301691 A
>D301757 G
>D301857 C
>D302022 G
>D302244 A
>D302303 C
>D302408 A
>D302499 G
>D302528 A
>D302563 G
>D302610 A
>D302734 C
>D303239 C
>D303308 C
>D303453 G
>D303479 A
>D303774 A
>D304016 G
>D304145 T
>D304488 G
>D304820 A
>D305294 T
>D305404 C
>D305750 T
>D306006 G
>D306690 T
>D306738 G
>D306745 G
>D306761 G
>D306794 A
>D307042 C
>D307076 A
>D307183 T
>D307209 G
>D307224 A
>D307231 G
>D307245 T
>D307352 C
>D307520 A
>D307703 G
>D307748 A
>D307816 A
>D307881 C
>D308003 G
>D308635 C
>D308821 A
>D308941 T
>D309063 A
>D309068 T
>D309122 C
>D310034 G
>D310179 G
>D310228 A
>D310303 C
>D310461 T
>D310543 T
>D310577 G
>D310611 A
>D310779 T
>D310928 A
>D310936 G
>D311140 G
>D311253 G
>D311262 T
>D311547 A
>D311886 C
>D312083 T
>D312110 G
>D312143 G
>D312275 G
>D312478 T
>D312524 A
>D312756 A
>D313053 C
>D313107 C
>D313213 C
>D313216 G
>D313276 G
>D313490 A
>D313561 C
>D313634 G
>D313711 G
>D313737 A
>D313750 G
>D314088 G
>D314175 G
>D314369 C
>D314604 T
>D314627 T
>D314713 C
>D314829 A
>D314970 G
>D315437 G
>D315449 C
>D315620 G
>D315756 C
>D315846 C
>D316088 T
>D316098 A
>D316106 A
>D316173 C
>D316546 G
>D316656 T
>D316720 C
>D316744 C
>D316934 G
>D317144 A
>D317156 G
>D317283 C
>D317459 G
>D317555 G
>D317758 G
>D318181 G
>D318389 T
>D318435 T
>D318479 C
>D318576 G
>D318596 G
>D318636 G
>D318778 A
>D318965 T
>D319397 A
>D319602 T
>D319687 A
>D319851 A
>D320729 A
>D320950 G
>D321295 C
>D321309 C
>D321356 C
>D321459 C
>D321695 C
>D321740 A
>D321801 C
>D321898 A
>D322406 A
>D322438 G
>D322457 G
>D323080 G
>D323211 G
>D323259 T
>D323502 G
>D323619 G
>D323716 G
>D323782 T
>D323868 C
>D323931 G
>D323976 T
>D324169 A
>D324181 A
>D324279 T
>D324358 C
>D324466 G
>D324640 A
>D324663 G
>D324997 A
>D325097 A
>D325389 C
>D326120 A
>D326316 A
>D326432 A
>D326485 C
>D326817 C
>D327009 G
>D327205 T
>D327329 T
>D327530 C
>D327621 C
>D327640 T
>D327811 G
>D327940 C
>D328013 G
>D328294 T
>D328380 G
>D328587 T
>D328783 G
>D329093 C
>D329385 A
>D329436 C
>D329717 C
>D330194 T
>D330546 G
>D330783 T
>D330832 G
>D330978 A
>D331151 G
>D331200 A
>D331236 G
>D331280 A
>D331288 A
>D331813 A
>D331887 G
>D331906 C
>D331969 T
>D332032 A
>D332040 G
>D332065 A
>D332133 A
>D332162 T
>D332178 T
>D332442 T
>D332488 T
>D332598 T
>D332607 A
>D332678 C
>D332684 G
>D332730 G
>D332893 C
>D332907 T
>D333385 A
>D333851 C
>D334039 T
>D334047 A
>D334106 G
>D334217 T
>D334309 T
>D334563 C
>D334911 C
>D335227 A
>D335443 A
>D335627 A
>D335683 G
>D335820 G
>D335954 T
>D336020 T
>D336048 G
>D336157 A
>D336318 A
>D336366 T
>D336373 T
>D336599 T
>D336932 T
>D337030 G
>D337117 A
>D337157 A
>D337294 G
>D337334 T
>D337503 T
>D337679 T
>D337713 C
>D337776 T
>D337837 C
>D337874 C
>D338162 C
>D338347 G
>D338599 G
>D338617 G
>D338816 C
>D338826 C
>D339493 G
>D339733 A
>D340076 A
>D340161 G
>D340217 T
>D340279 A
>D340324 C
>D340368 G
>D340381 G
>D340452 A
>D340454 T
>D340760 T
>D340814 C
>D340833 A
>D340930 T
>D340999 A
>D341145 C
>D341267 G
>D341332 C
>D341404 C
>D341464 A
>D341609 A
>D341706 A
>D341715 T
>D342005 T
>D342080 A
>D342114 A
>D342169 G
>D342268 C
>D342312 T
>D342637 T
>D342672 T
>D342721 C
>D342829 T
>D342837 T
>D342852 C
>D342934 T
>D342996 T
>D343078 A
>D343127 T
>D343270 G
>D343349 C
>D343358 G
>D343477 T
>D343527 A
>D343549 T
>D343951 A
>D344035 A
>D344097 T
>D344124 T
>D344345 T
>D344598 A
>D344677 C
>D344812 G
>D344970 G
>D345406 G
>D345713 T
>D345771 A
>D346089 T
>D346115 T
>D346194 T
>D346542 T
>D346731 T
>D347463 A
>D347687 C
>D347844 G
>D348130 C
>D348300 T
>D348381 T
>D348483 A
>D348525 G
>D348766 T
>D349130 G
>D349240 T
>D349382 G
>D349828 T
>D350156 A
>D350346 A
>D350428 A
>D350561 C
>D350668 G
>D350823 G
>D350825 T
>D350943 A
>D350967 T
>D351003 T
>D351154 C
>D351170 T
>D351413 A
>D351520 A
>D351545 G
>D351594 G
>D351761 C
>D351802 T
>D351914 C
>D351919 A
>D352362 C
>D352467 A
>D352509 G
>D352606 C
>D352645 A
>D353086 A
>D353508 T
>D353533 T
>D353538 C
>D353567 C
>D353594 A
>D353648 A
>D353652 T
>D353752 A
>D354064 C
>D354097 C
>D354313 A
>D354325 G
>D354602 T
>D355051 A
>D355100 G
>D355132 G
>D355178 A
>D355536 C
>D355738 C
>D356570 G
>D356693 T
>D356698 A
>D356784 A
>D356969 A
>D357063 T
>D357117 G
>D357222 T
>D357257 C
>D357545 C
>D357609 G
>D357864 C
>D357950 C
>D358179 A
>D358260 G
>D358268 T
>D358371 G
>D358592 A
>D358813 T
>D358986 G
>D359063 G
>D359254 T
>D359321 A
>D359407 A
>D359417 C
>D359701 A
>D359754 C
>D359987 T
>D360073 G
>D360210 A
>D360238 T
>D360401 C
>D360446 G
>D360687 A
>D360695 T
>D360750 A
>D360783 T
>D360884 G
>D360975 C
>D361251 G
>D361255 T
>D361321 C
>D361663 T
>D361838 C
>D361947 C
>D362774 A
>D362789 G
>D362828 A
>D362890 G
>D362959 T
>D363694 T
>D363931 T
>D364348 T
>D364467 C
>D364580 C
>D364609 A
>D364769 T
>D364851 G
>D364857 G
>D365079 C
>D365098 A
>D365312 C
>D365349 G
>D365421 T
>D365502 C
>D365510 A
>D365675 A
>D365858 G
>D365986 T
>D366040 C
>D366330 C
>D366339 C
>D366490 G
>D366639 A
>D366962 C
>D367111 C
>D367286 C
>D367527 A
>D367629 T
>D367709 G
>D367882 A
>D367906 G
>D368040 G
>D368148 G
>D368241 A
>D368364 C
>D368637 T
>D368888 G
>D368977 C
>D369366 A
>D369371 C
>D369378 G
>D369490 T
>D369649 C
>D369825 G
>D369837 C
>D370033 T
>D370059 G
>D370333 C
>D370501 A
>D370525 T
>D370803 A
>D371060 T
>D371395 A
>D371884 T
>D371953 A
>D372088 T
>D372128 A
>D372179 G
>D372552 A
>D372558 G
>D372620 C
>D372821 C
>D373213 G
>D373240 T
>D373247 A
>D373350 G
>D373962 A
>D373999 T
>D374032 T
>D374041 A
>D374643 A
>D374794 T
>D374800 C
>D374817 T
>D374833 C
>D375056 G
>D375328 G
>D375481 G
>D375532 C
>D375651 G
>D375979 A
>D376390 G
>D376492 A
>D376563 C
>D376564 C
>D376575 G
>D376577 T
>D376586 T
>D376672 G
>D376675 C
>D376889 T
>D376972 A
>D376984 T
>D377403 A
>D377456 A
>D377950 A
>D378102 G
>D378405 A
>D378419 A
>D378422 G
>D378438 G
>D378546 A
>D378686 T
>D378724 G
>D378789 G
>D379017 A
>D379442 A
>D379464 T
>D379688 C
>D379795 A
>D379984 G
>D380284 C
>D380400 C
>D380470 G
>D380523 A
>D380577 C
>D380738 C
>D380880 A
>D380948 A
>D380952 C
>D381025 C
>D381033 G
>D381107 T
>D381162 T
>D381525 G
>D381533 T
>D381667 G
>D381852 T
>D381857 A
>D381904 A
>D382231 C
>D382318 G
>D382475 G
>D382560 T
>D382656 G
>D382685 A
>D382691 A
>D382883 G
>D383087 T
>D383291 G
>D383399 C
>D383530 T
>D383564 G
>D383701 C
>D383794 A
>D383883 C
>D383983 T
>D384270 C
>D384600 A
>D384656 T
>D384712 G
>D384755 G
>D384787 T
>D384888 A
>D385171 C
>D385216 C
>D385364 T
>D385539 C
>D385600 G
>D386099 T
>D386131 T
>D386199 G
>D386281 A
>D386317 C
>D386700 T
>D386790 A
>D386810 C
>D386818 T
>D386885 C
>D387090 G
>D387331 T
>D387398 T
>D387408 G
>D387633 G
>D387831 C
>D388009 A
>D388052 T
>D388153 T
>D388608 G
>D388741 T
>D388938 A
>D388971 G
>D389037 C
>D389333 C
>D389389 G
>D389820 C
>D390047 G
>D390056 T
>D390058 C
>D390317 G
>D390430 T
>D390459 A
>D390631 G
>D390848 C
>D390881 G
>D390924 T
>D390937 G
>D391160 A
>D391165 T
>D391185 T
>D391809 G
>D391912 T
>D392020 G
>D392751 G
>D393088 T
>D393251 C
>D393318 A
>D393985 T
>D393989 C
>D394088 A
>D394121 C
>D394241 A
>D394329 T
>D394588 G
>D394865 T
>D395366 A
>D395462 T
>D395533 A
>D395597 C
>D395604 C
>D396017 G
>D396435 C
>D396548 A
>D396685 T
>D396750 T
>D396767 T
>D396825 G
>D397430 G
>D397564 A
>D397824 A
>D397876 A
>D397935 A
>D397992 G
>D398157 G
>D398161 T
>D398175 T
>D398319 A
>D398361 G
>D398681 T
>D398802 G
>D399024 A
>D399374 A
>D399892 T
>D400418 T
>D400490 T
>D400960 A
>D401173 G
>D401284 G
>D401484 G
>D401769 T
>D402554 T
>D402576 G
>D402659 G
>D402851 C
>D403428 T
>D403482 G
>D403532 A
>D403547 T
>D403726 C
>D403851 C
>D403870 A
>D403939 G
>D404309 G
>D404634 G
>D404928 C
>D405074 G
>D405327 A
>D405354 C
>D405418 G
>D405559 G
>D405849 G
>D405980 T
>D406043 A
>D406101 C
>D406248 G
>D406576 G
>D406632 C
>D406706 G
>D407352 T
>D407490 A
>D407747 C
>D407771 G
>D408200 A
>D408289 T
>D408299 T
>D408591 C
>D408648 G
>D408679 G
>D408962 A
>D409066 C
>D409119 T
>D409276 G
>D409328 C
>D409424 T
>D409998 A
>D410091 G
>D410109 A
>D410188 C
>D410304 A
>D410713 A
>D410762 G
>D410810 T
>D411072 C
>D411105 A
>D411272 A
>D411290 T
>D411359 C
>D411712 C
>D411724 G
>D411876 G
>D411977 T
>D412199 A
>D412241 T
>D412286 C
>D412292 T
>D412369 T
>D412426 A
>D412578 C
>D412816 T
>D412906 G
>D412954 G
>D413099 G
>D413330 T
>D413413 T
>D413468 T
>D413501 C
>D413515 C
>D413569 A
>D413652 C
>D414134 A
>D414161 T
>D414235 T
>D414266 C
>D414425 T
>D414513 G
>D414521 A
>D414694 G
>D414701 A
>D414723 G
>D414986 G
>D415165 T
>D415254 G
>D415271 T
>D415351 C
>D415485 A
>D416280 G
>D416444 G
>D416543 G
>D416611 G
>D416627 C
>D416814 A
>D417038 T
>D417773 G
>D417841 T
>D417866 A
>D418091 T
>D418298 T
>D418493 A
>D418511 G
>D418532 C
>D419691 A
>D419770 A
>D419964 G
>D420432 T
>D420508 T
>D420624 C
>D420740 T
>D420906 A
>D420946 A
>D421141 T
>D421275 A
>D421288 A
>D421302 G
>D421502 A
>D421585 C
>D421589 A
>D422246 T
>D422259 C
>D422980 T
>D423047 C
>D423201 C
>D423220 T
>D423419 G
>D423560 A
>D423568 G
>D423812 C
>D423890 G
>D423907 A
>D424252 A
>D424582 C
>D424636 C
>D425141 G
>D425276 A
>D425877 G
>D426137 T
>D426663 T
>D426971 T
>D427136 C
>D427586 C
>D427702 G
>D427904 G
>D428265 A
>D428444 T
>D428665 G
>D428929 A
>D428986 G
>D429027 A
>D429207 C
>D429225 T
>D429392 G
>D429606 T
>D429923 G
>D429938 T
>D429962 A
>D430278 G
>D430413 G
>D432057 C
>D432236 G
>D432243 G
>D432413 G
>D432708 G
>D432983 A
>D433131 G
>D433145 C
>D433707 T
>D433824 T
>D434044 C
>D434067 G
>D434250 T
>D434504 G
>D434604 C
>D434646 A
>D434783 C
>D434847 G
>D434921 A
>D434972 T
>D435000 G
>D435234 T
>D435379 G
>D435634 T
>D435869 G
>D436100 G
>D436172 A
>D436461 A
>D436891 C
>D437089 G
>D437458 C
>D437756 A
>D438067 T
>D438186 C
>D438321 C
>D438690 A
>D438756 A
>D438781 C
>D438782 T
>D438841 G
>D439068 T
>D439607 A
>D439726 C
>D439921 G
>D440063 A
>D440206 C
>D440263 C
>D440266 C
>D440351 C
>D440504 T
>D440523 C
>D440689 A
>D441010 G
>D441197 C
>D441578 C
>D441696 C
>D441757 A
>D441852 A
>D442173 C
>D442490 G
>D442728 G
>D442764 C
>D442797 C
>D442994 T
>D443047 G
>D443226 C
>D443419 T
>D443748 C
>D443845 C
>D443897 C
>D443915 T
>D443950 G
>D444014 C
>D444101 G
>D444473 C
>D444526 G
>D445035 T
>D445111 C
>D445420 G
>D445466 A
>D445789 G
>D445859 G
>D446016 C
>D446019 A
>D446022 A
>D446260 T
>D446363 C
>D446905 A
>D447078 T
>D447122 G
>D447170 T
>D447253 A
>D447437 T
>D447500 T
>D447524 T
>D447818 G
>D447876 C
>D448250 G
>D448308 C
>D448318 C
>D448554 T
>D448676 T
>D448746 G
>D448774 A
>D448775 A
>D449105 T
>D449215 G
>D449274 T
>D449283 T
>D449486 A
>D449776 A
>D449938 G
>D450035 C
>D450237 C
>D450284 G
>D450403 G
>D450643 T
>D450719 C
>D450868 C
>D451095 A
>D451196 T
>D451366 T
>D451402 T
>D451448 A
>D451607 C
>D451724 A
>D451842 T
>D452166 G
>D452277 C
>D452316 A
>D452547 T
>D452553 T
>D452604 C
>D453048 T
>D453104 G
>D453626 G
>D453789 C
>D453890 T
>D453914 G
>D454044 C
>D454076 C
>D454156 G
>D454494 T
>D454507 A
>D454520 G
>D454702 C
>D454722 T
>D454882 A
>D455140 G
>D455198 A
>D455221 A
>D455225 A
>D455422 T
>D455429 A
>D455435 C
>D455604 C
>D455618 A
>D455634 G
>D455645 A
>D455731 A
>D455859 C
>D456033 C
>D456106 G
>D456239 T
>D456747 G
>D456773 C
>D456778 G
>D456840 T
>D456856 G
>D457055 G
>D457767 T
>D457883 T
>D458134 C
>D458269 A
>D458365 C
>D458586 C
>D458706 T
>D458895 A
>D458900 G
>D459119 C
>D459150 C
>D459158 T
>D459205 C
>D459411 C
>D459449 T
>D459663 G
>D459713 A
>D459742 A
>D459874 G
>D460278 A
>D460285 T
>D460513 T
>D460755 A
>D460878 C
>D460885 T
>D460897 C
>D460954 G
>D461193 G
>D461292 A
>D461379 C
>D461458 A
>D461512 G
>D461711 G
>D461744 T
>D461751 T
>D461925 T
>D461941 C
>D461942 G
>D461968 T
>D462295 A
>D462356 T
>D462378 C
>D462507 T
>D462841 A
>D463175 T
>D463263 A
>D463264 A
>D463494 C
>D463505 A
>D463520 T
>D463614 T
>D463697 G
>D464004 C
>D464351 A
>D464379 G
>D464548 A
>D464571 T
>D464978 T
>D465081 G
>D465178 A
>D465462 C
>D465632 G
>D465653 A
>D465658 A
>D465765 A
>D465778 C
>D466092 A
>D466860 C
>D467217 G
>D467323 G
>D467423 C
>D467519 C
>D467572 C
>D467598 A
>D468080 A
>D468119 G
>D468367 G
>D468687 A
>D468792 G
>D468855 G
>D469109 T
>D469281 A
>D469372 A
>D469433 G
>D469563 C
>D469841 A
>D469960 C
>D469967 T
>D470056 T
>D470215 C
>D470224 G
>D470392 C
>D470444 T
>D470501 A
>D470508 G
>D470575 G
>D470916 C
>D471111 G
>D471408 T
>D471457 A
>D471514 G
>D471702 T
>D472092 T
>D472212 A
>D472263 G
>D472398 C
>D472484 T
>D472548 A
>D472886 G
>D472983 T
>D472993 C
>D473153 A
>D473187 T
>D473430 C
>D473590 G
>D473596 A
>D473866 T
>D474110 G
>D474287 C
>D474352 G
>D474356 G
>D474680 G
>D475250 T
>D475291 A
>D475379 A
>D475446 T
>D475687 T
>D476063 C
>D476403 T
>D476404 G
>D476469 G
>D476714 A
>D476898 T
>D477036 A
>D477519 C
>D477650 G
>D477821 A
>D477888 C
>D478098 A
>D478127 T
>D478181 A
>D478354 C
>D478517 A
>D478594 A
>D478695 C
>D478960 A
>D478985 T
>D479086 T
>D479182 C
>D479326 G
>D479455 C
>D479523 G
>D479720 G
>D479758 G
>D479777 G
>D480046 T
>D480048 C
>D480335 C
>D480838 C
>D481181 C
>D481230 A
>D481409 G
>D481426 G
>D481819 T
>D482043 A
>D482072 G
>D482092 G
>D482118 C
>D482662 G
>D482665 T
>D482977 C
>D483466 T
>D483495 C
>D483693 G
>D483929 G
>D484071 G
>D484423 C
>D484473 G
>D484570 G
>D484755 A
>D485036 C
>D485138 T
>D485195 G
>D485678 A
>D485778 C
>D485797 G
>D485858 T
>D485940 G
>D485948 A
>D486273 C
>D486289 A
>D486386 T
>D486388 T
>D486406 A
>D486967 T
>D487034 G
>D487109 A
>D487307 C
>D487498 C
>D487582 T
>D487848 T
>D488014 C
>D488270 A
>D488360 A
>D488406 T
>D488485 T
>D488533 A
>D488667 T
>D488696 C
>D488861 G
>D488900 G
>D489009 G
>D489210 T
>D489366 C
>D489979 A
>D490245 G
>D490439 A
>D490459 T
>D490556 G
>D491143 G
>D491248 T
>D491321 C
>D491628 A
>D491680 A
>D491812 G
>D491855 T
>D491948 G
>D492061 T
>D492137 A
>D492329 T
>D492364 C
>D492788 T
>D493131 G
>D493141 G
>D493332 C
>D493451 G
>D493457 G
>D493577 T
>D493881 C
>D493922 T
>D494118 A
>D494125 A
>D494178 T
>D494260 G
>D494296 C
>D494329 T
>D494857 G
>D494872 T
>D495121 A
>D495398 G
>D495527 C
>D495740 G
>D495983 G
>D496008 C
>D496884 G
>D497188 C
>D497289 T
>D497735 C
>D497841 A
>D497972 T
>D498047 T
>D498111 A
>D498125 A
>D498200 C
>D498202 A
>D498268 T
>D498598 T
>D498734 G
>D498978 A
>D498981 C
>D499373 G
>D499644 A
>D499782 C
>D499827 A
>D499880 A
>D499979 G
>D499981 C
>D500409 C
>D500630 G
>D500730 A
>D500767 A
>D501122 C
>D501666 T
>D501689 G
>D501902 A
>D502091 A
>D502286 G
>D502427 C
>D502771 T
>D502772 G
>D502779 G
>D502828 C
>D502862 A
>D502863 T
>D503219 C
>D503429 C
>D503433 T
>D503683 A
>D503843 G
>D503863 A
>D503908 T
>D504088 C
>D504532 A
>D504674 C
>D504688 C
>D504699 C
>D504908 T
>D505046 T
>D505573 T
>D505676 C
>D505919 C
>D505952 A
>D506170 G
>D506440 G
>D506467 G
>D506764 T
>D507262 G
>D507300 C
>D507489 A
>D507520 T
>D507736 T
>D507830 G
>D507841 G
>D507894 C
>D507929 T
>D508428 C
>D508805 T
>D509008 T
>D509024 T
>D509396 G
>D509496 T
>D509729 T
>D509743 C
>D509952 T
>D510058 G
>D510148 A
>D510326 A
>D510417 A
>D510481 A
>D510525 C
>D510568 A
>D510770 C
>D510906 A
>D511056 G
>D511180 A
>D511483 C
>D511495 C
>D511526 A
>D511583 C
>D511714 T
>D512106 C
>D512121 A
>D512150 T
>D512201 G
>D512273 A
>D512284 A
>D512415 C
>D512497 G
>D512520 A
>D512618 T
>D512677 G
>D512746 C
>D513147 G
>D513171 T
>D513344 A
>D513468 T
>D513527 G
>D513630 T
>D513703 G
>D514390 T
>D514462 A
>D514552 G
>D514699 C
>D514729 G
>D514888 G
>D514916 G
>D514966 T
>D514984 C
>D515096 A
>D515147 G
>D515155 G
>D515235 A
>D515285 C
>D515321 T
>D515381 C
>D515390 G
>D516100 A
>D516181 T
>D516268 A
>D516362 C
>D516367 A
>D516572 C
>D516584 G
>D516924 C
>D517205 C
>D517356 A
>D517386 G
>D517483 G
>D517607 T
>D517693 A
>D517712 A
>D517832 C
>D517848 G
>D517981 T
>D518019 C
>D518242 A
>D518349 G
>D518353 A
>D518357 A
>D518794 T
>D518811 G
>D518945 A
>D519026 C
>D519077 C
>D519126 G
>D519186 T
>D519301 A
>D519539 A
>D519791 C
>D519817 G
>D519926 T
>D519958 A
>D520332 A
>D520364 T
>D520464 C
>D520968 A
>D521054 G
>D521390 T
>D521507 C
>D521802 T
>D521813 C
>D521936 A
>D521978 G
>D522107 A
>D522134 T
>D522210 T
>D522452 A
>D522858 T
>D523001 G
>D523208 C
>D523424 C
>D523513 A
>D523639 C
>D523759 G
>D523952 T
>D524168 A
>D524247 A
>D524457 T
>D524627 T
>D524945 A
>D525174 C
>D525228 C
>D525243 G
>D525541 G
>D525659 G
>D525724 C
>D525736 A
>D525794 C
>D525842 A
>D525889 A
>D525921 C
>D526122 G
>D526211 T
>D526441 A
>D526504 A
>D526682 G
>D526710 T
>D527070 T
>D527120 G
>D527413 C
>D527549 G
>D527593 T
>D527637 C
>D527705 T
>D527804 T
>D528438 T
>D528686 A
>D528705 C
>D528787 C
>D528804 G
>D528820 A
>D529044 A
>D529101 C
>D529149 A
>D529420 A
>D529551 T
>D529789 G
>D529815 T
>D529956 C
>D530107 T
>D530113 A
>D530532 T
>D530567 C
>D530671 T
>D530720 T
>D530878 T
>D530897 C
>D530932 G
>D531001 T
>D531105 C
>D531111 C
>D531137 G
>D531302 G
>D531363 A
>D531480 C
>D531718 A
>D531816 A
>D531971 T
>D532049 G
>D532232 A
>D532423 C
>D532535 G
>D532819 C
>D532930 G
>D533106 G
>D533193 A
>D533217 G
>D533246 T
>D533892 G
>D534194 T
>D534692 T
>D534995 G
>D535020 T
>D535104 G
>D535109 T
>D536110 A
>D536489 A
>D536616 G
>D536651 A
>D536731 A
>D536776 G
>D536821 G
>D536981 C
>D537518 A
>D537581 G
>D537608 A
>D537626 G
>D537772 T
>D537808 T
>D537823 A
>D537905 A
>D538024 C
>D538106 C
>D538126 C
>D538164 A
>D538185 G
>D538348 A
>D538388 A
>D538422 T
>D538619 C
>D538626 A
>D538944 A
>D538948 T
>D539407 T
>D539536 A
>D539625 G
>D539826 T
>D539929 G
>D539990 T
>D540608 G
>D541024 C
>D541090 T
>D541116 C
>D541383 A
>D541591 T
>D541613 C
>D542069 T
>D542105 G
>D542111 G
>D542154 G
>D542298 T
>D542508 G
>D542539 T
>D542681 A
>D542726 G
>D542937 A
>D542987 G
>D543064 T
>D543154 C
>D543243 A
>D543325 C
>D543634 G
>D543740 G
>D543958 T
>D544032 A
>D544082 C
>D544103 G
>D544141 C
>D544263 A
>D544685 C
>D544818 C
>D544960 A
>D545006 A
>D545032 T
>D545141 C
>D545295 G
>D545373 T
>D545460 T
>D545569 G
>D546159 A
>D546278 A
>D546280 A
>D546932 T
>D547309 A
>D547636 T
>D547644 C
>D548004 A
>D548008 C
>D548297 A
>D548418 T
>D548452 T
>D548485 A
>D548489 T
>D548509 G
>D548655 G
>D548695 A
>D548785 C
>D548826 T
>D549151 A
>D549408 G
>D549687 C
>D549933 C
>D550334 G
>D550380 A
>D550423 C
>D550526 T
>D550766 C
>D550802 T
>D550891 T
>D551187 A
>D551638 G
>D551984 C
>D552225 T
>D552234 C
>D552350 C
>D552633 G
>D552959 A
>D553078 T
>D553363 G
>D553434 A
>D553523 C
>D553584 T
>D553597 G
>D553643 T
>D553655 C
>D554115 C
>D554649 T
>D554814 C
>D554901 G
>D555155 A
>D555174 A
>D555220 G
>D555298 A
>D555694 T
>D555968 G
>D556123 T
>D556213 G
>D556219 C
>D556319 G
>D556402 C
>D556585 A
>D556912 A
>D556920 G
>D556939 A
>D557189 A
>D557453 G
>D557504 G
>D557507 A
>D557557 A
>D557786 G
>D557801 C
>D558126 G
>D558287 A
>D558426 G
>D558471 A
>D558753 T
>D558930 C
>D558978 C
>D559048 A
>D559195 G
>D559369 A
>D560193 A
>D560223 G
>D560292 A
>D560471 A
>D560562 A
>D560573 A
>D560753 G
>D561206 A
>D561358 G
>D561420 G
>D561498 A
>D561794 C
>D561917 C
>D562011 C
>D562421 C
>D562501 C
>D562814 T
>D563298 T
>D563496 T
>D563589 C
>D563731 A
>D563751 A
>D563786 T
>D563932 G
>D563963 T
>D563992 A
>D564018 T
>D564122 C
>D564340 A
>D564685 T
>D564718 G
>D564918 A
>D565205 G
>D565313 G
>D565341 G
>D565659 G
>D565980 T
>D566149 T
>D566232 C
>D566426 C
>D566685 G
>D566741 T
>D567038 T
>D567049 T
>D567106 A
>D567218 A
>D567301 G
>D567801 A
>D567816 T
>D567903 T
>D567985 T
>D568129 G
>D568164 T
>D568300 G
>D568336 A
>D568653 A
>D568825 G
>D569502 C
>D569701 C
>D569776 T
>D569795 A
>D569872 G
>D569907 G
>D570378 T
>D570396 A
>D570690 T
>D570723 T
>D570729 G
>D570864 T
>D570993 A
>D571080 C
>D571555 C
>D572004 T
>D572071 A
>D572139 C
>D572308 C
>D572392 T
>D572668 G
>D572807 G
>D572835 G
>D572946 G
>D573041 G
>D573804 C
>D574159 T
>D574177 T
>D574482 T
>D574487 T
>D574700 A
>D574745 G
>D574812 T
>D575063 A
>D575250 C
>D575355 G
>D575381 A
>D575956 A
>D575967 G
>D576202 G
>D576224 C
>D576475 A
>D576505 C
>D576943 C
>D577008 T
>D577074 T
>D577086 T
>D577138 G
>D577187 T
>D577292 C
>D577470 G
>D577738 A
>D577852 C
>D577854 T
>D578089 T
>D578217 G
>D578532 G
>D578621 A
>D578707 A
>D578839 G
>D578971 A
>D579228 T
>D579260 T
>D579354 A
>D579421 T
>D579432 A
>D579912 C
>D580176 A
>D580194 C
>D580393 A
>D580444 C
>D580529 A
>D580767 T
>D580846 T
>D581131 C
>D581544 T
>D581613 C
>D581844 C
>D581850 T
>D581909 G
>D581966 A
>D582014 C
>D582044 A
>D582049 A
>D582058 T
>D582093 C
>D582095 T
>D582205 T
>D582337 G
>D582355 C
>D582375 C
>D582421 C
>D582456 A
>D582702 T
>D582704 C
>D582801 T
>D582879 T
>D583088 G
>D583105 A
>D583133 T
>D583227 A
>D583475 G
>D583742 G
>D583831 T
>D583841 C
>D583888 A
>D583942 C
>D583985 T
>D584149 T
>D584342 T
>D584450 C
>D584619 T
>D584770 A
>D585057 A
>D585154 A
>D585196 T
>D585317 A
>D585399 G
>D585454 A
>D585717 C
>D585796 T
>D585798 C
>D585886 C
>D586224 A
>D586252 A
>D586416 A
>D586457 C
>D586819 G
>D586983 T
>D587136 C
>D587237 G
>D587284 G
>D587287 G
>D587312 C
>D587348 T
>D587374 T
>D587451 G
>D587569 T
>D588317 G
>D588559 A
>D588602 C
>D588683 C
>D588804 T
>D588855 T
>D588889 C
>D588943 A
>D589124 G
>D589467 A
>D589498 A
>D589596 T
>D589615 T
>D589766 T
>D589869 G
>D589982 T
>D590006 T
>D590268 T
>D590367 C
>D590385 G
>D590440 C
>D590685 G
>D590997 C
>D591072 A
>D591246 G
>D591413 T
>D591638 T
>D591915 A
>D592000 A
>D592006 G
>D592137 T
>D592158 G
>D592487 T
>D592498 G
>D592589 C
>D592679 T
>D592764 T
>D592819 T
>D592826 G
>D592986 C
>D593005 T
>D593028 G
>D593170 G
>D593256 A
>D593265 A
>D593287 G
>D593488 G
>D593515 C
>D593726 T
>D593935 A
>D593944 C
>D594089 A
>D594147 C
>D594267 G
>D594385 C
>D594459 A
>D594623 T
>D594683 A
>D594798 T
>D594842 A
>D594891 G
>D595083 T
>D595147 T
>D595265 A
>D595295 A
>D595421 G
>D595638 T
>D595823 A
>D595897 T
>D596150 A
>D596217 G
>D596226 A
>D596304 A
>D596452 C
>D596646 C
>D596668 C
>D596713 T
>D596799 G
>D596960 C
>D597187 C
>D597257 C
>D597261 C
>D597348 G
>D597436 C
>D597480 C
>D597603 T
>D597740 C
>D598061 T
>D598070 G
>D598121 G
>D598284 A
>D598502 G
>D598522 G
>D598724 G
>D598752 A
>D598891 T
>D598952 G
>D598973 T
>D599287 G
>D599413 C
>D599586 C
>D599732 A
>D599786 C
>D599810 C
>D600205 T
>D600240 T
>D600674 A
>D600683 G
>D600747 C
>D600917 T
>D601268 G
>D601273 G
>D601847 G
>D602028 C
>D602137 C
>D602231 T
>D602375 G
>D603469 T
>D603482 G
>D603755 T
>D603762 A
>D603857 G
>D604208 C
>D604244 C
>D604273 T
>D604286 C
>D604378 T
>D604500 A
>D604546 T
>D604588 G
>D604873 T
>D604879 A
>D605037 G
>D605073 T
>D605316 G
>D605395 A
>D605543 T
>D605658 T
>D605825 T
>D606151 G
>D606635 C
>D606840 A
>D607058 C
>D607180 T
>D607181 T
>D607400 C
>D607881 T
>D607963 C
>D607975 G
>D608024 C
>D608028 A
>D608143 T
>D608173 C
>D608335 G
>D608390 T
>D608498 A
>D608826 A
>D609027 G
>D609094 G
>D609206 T
>D609802 A
>D609809 T
>D609849 T
>D610229 C
>D610353 C
>D610376 T
>D610429 A
>D610925 G
>D610950 G
>D611007 A
>D611129 C
>D611142 G
>D611178 A
>D611959 C
>D612284 A
>D612532 C
>D612808 G
>D613018 C
>D613462 G
>D613592 T
>D613695 A
>D613716 A
>D613817 A
>D614098 C
>D614173 T
>D614404 G
>D614449 T
>D614644 A
>D614645 A
>D614773 T
>D614986 G
>D615142 T
>D615207 A
>D615994 G
>D615999 T
>D616422 A
>D616580 T
>D616605 C
>D616919 T
>D617134 T
>D617152 T
>D617278 C
>D617367 C
>D617479 T
>D617764 G
>D618563 C
>D618694 C
>D618704 T
>D618706 G
>D619028 T
>D619045 G
>D619070 G
>D619085 A
>D619097 G
>D619255 A
>D619361 C
>D619387 G
>D619435 T
>D619505 T
>D619530 A
>D619606 C
>D619635 G
>D619698 A
>D620012 G
>D620049 T
>D620082 T
>D620161 A
>D620177 A
>D620250 G
>D620358 A
>D620379 G
>D620436 G
>D620460 A
>D620617 G
>D620640 T
>D620848 A
>D620961 A
>D620970 C
>D621077 T
>D621592 G
>D621664 G
>D621779 A
>D621799 G
>D621850 T
>D621951 T
>D622030 G
>D622237 A
>D622316 G
>D622556 G
>D623096 A
>D623171 T
>D623254 T
>D623429 C
>D623923 C
>D623937 C
>D623990 T
>D624143 G
>D624390 A
>D624651 G
>D624977 T
>D625275 A
>D625284 C
>D625421 G
>D625498 G
>D625948 T
>D625954 G
>D626149 T
>D626303 A
>D626403 G
>D626642 T
>D626696 C
>D626809 A
>D626980 G
>D627241 G
>D627548 A
>D627662 G
>D627675 C
>D627947 A
>D627960 A
>D628287 T
>D628323 G
>D628544 G
>D628746 T
>D628747 A
>D628801 C
>D628814 G
>D628907 T
>D629138 G
>D629222 C
>D629492 C
>D629676 G
>D629829 A
>D629846 A
>D629979 T
>D630234 T
>D630240 G
>D630241 G
>D630343 C
>D630450 G
>D630812 C
>D631027 A
>D631121 G
>D631590 T
>D631613 C
>D631728 T
>D631816 G
>D631884 A
>D631890 T
>D631935 G
>D632444 T
>D632446 A
>D632576 G
>D632826 A
>D632918 A
>D632980 T
>D633035 C
>D633379 G
>D633736 G
>D633922 G
>D633932 T
>D633982 G
>D634293 G
>D634442 G
>D634576 A
>D634781 G
>D634800 G
>D635179 T
>D635183 G
>D635229 A
>D635475 G
>D635500 C
>D635658 T
>D635820 G
>D636077 C
>D636188 G
>D636419 G
>D636554 C
>D636751 C
>D636771 G
>D637323 G
>D637378 C
>D637485 G
>D637758 T
>D637768 T
>D637998 T
>D638076 A
>D638081 C
>D638106 C
>D638286 C
>D638445 A
>D638483 A
>D638694 G
>D638761 T
>D638831 A
>D639027 C
>D639067 C
>D639182 C
>D639236 A
>D639273 T
>D639562 T
>D639699 A
>D639812 C
>D640195 C
>D640295 T
>D640535 C
>D640749 C
>D640965 A
>D641164 C
>D641176 A
>D641391 A
>D641634 T
>D641893 A
>D641897 T
>D642222 T
>D642479 G
>D642638 T
>D643116 G
>D643339 T
>D643427 G
>D643479 C
>D643530 A
>D643692 T
>D643793 C
>D643803 C
>D644184 T
>D644541 G
>D644923 T
>D645037 C
>D645114 G
>D645169 G
>D645200 G
>D645437 G
>D645488 C
>D645566 A
>D645673 A
>D645798 C
>D645856 A
>D646206 C
>D646215 A
>D646686 T
>D646700 T
>D647027 A
>D647045 T
>D647586 G
>D648168 G
>D648288 T
>D648356 G
>D648408 A
>D648596 C
>D648678 G
>D648793 T
>D649142 C
>D649149 T
>D649308 T
>D649563 G
>D649653 A
>D649680 A
>D649760 A
>D650191 G
>D650359 A
>D650606 C
>D650958 C
>D650990 C
>D651466 G
>D651665 T
>D651707 C
>D651849 G
>D652188 G
>D652242 A
>D652272 G
>D652338 G
>D652392 A
>D652449 A
>D652690 T
>D652856 T
>D652986 A
>D653054 C
>D653271 T
>D653527 A
>D653531 T
>D653864 T
>D654051 C
>D654062 G
>D654203 G
>D654260 A
>D654332 G
>D654680 A
>D654889 G
>D654958 C
>D654983 A
>D655069 G
>D655072 T
>D655258 A
>D655427 A
>D655703 C
>D655989 G
>D656458 G
>D656500 A
>D656685 G
>D656724 G
>D657007 T
>D657023 T
>D657173 T
>D657186 C
>D657482 G
>D657542 C
>D658075 A
>D658152 T
>D658264 C
>D658308 T
>D658379 T
>D658585 G
>D658873 G
>D659113 T
>D659313 C
>D659376 G
>D659398 A
>D659800 A
>D659855 A
>D659942 A
>D660032 T
>D660249 C
>D660294 A
>D660520 C
>D660588 T
>D661275 A
>D661344 A
>D661394 T
>D661404 A
>D661602 C
>D661757 G
>D661794 T
>D662248 C
>D662354 T
>D662455 A
>D662583 G
>D662716 T
>D663123 G
>D663564 G
>D663597 T
>D663641 T
>D663803 C
>D663910 A
>D664079 G
>D664129 C
>D664228 T
>D664230 G
>D664381 G
>D664928 T
>D664955 A
>D664985 C
>D665102 C
>D665177 C
>D665463 C
>D665568 A
>D665739 C
>D665815 C
>D666037 T
>D666143 A
>D666176 T
>D666246 A
>D666407 G
>D666461 C
>D666483 T
>D666527 G
>D666936 G
>D667112 G
>D667166 A
>D667261 G
>D667342 G
>D667640 C
>D667705 G
>D667877 C
>D667911 A
>D668029 C
>D668493 C
>D668662 A
>D668822 C
>D668872 A
>D668958 T
>D669069 G
>D669129 T
>D669185 A
>D669323 G
>D669357 T
>D669406 C
>D669513 T
>D669702 C
>D669772 A
>D669848 T
>D669853 G
>D670082 C
>D670119 G
>D670885 A
>D670892 G
>D671193 C
>D671209 C
>D671297 T
>D671298 A
>D671367 G
>D671798 A
>D671801 C
>D672114 T
>D672702 G
>D673250 A
>D673363 C
>D673430 C
>D673485 T
>D673691 A
>D673732 G
>D673834 C
>D673905 C
>D674068 T
>D674161 G
>D674364 A
>D674511 G
>D674561 A
>D674573 C
>D674636 A
>D674641 C
>D674734 C
>D674748 T
>D675121 A
>D675213 C
>D675245 T
>D675558 G
>D676233 C
>D676476 A
>D676480 A
>D676485 T
>D676722 C
>D676761 A
>D676769 G
>D676861 T
>D676951 C
>D676954 A
>D677270 C
>D677290 T
>D677329 T
>D677734 T
>D677902 G
>D678130 A
>D678173 C
>D678368 A
>D679095 G
>D679130 C
>D679492 A
>D679546 G
>D679562 G
>D679953 A
>D680060 G
>D680075 A
>D680146 C
>D680510 C
>D680521 A
>D680942 T
>D681118 C
>D681224 A
>D681233 G
>D681359 T
>D681449 T
>D681706 T
>D681840 G
>D681915 G
>D682015 G
>D682236 T
>D682243 G
>D682411 C
>D682458 G
>D682516 G
>D682637 G
>D682723 G
>D683283 T
>D683557 C
>D683842 C
>D683856 A
>D683887 A
>D683936 G
>D684105 A
>D684183 T
>D684330 G
>D684414 C
>D684590 G
>D684653 G
>D684875 C
>D685303 A
>D685444 T
>D685449 C
>D685558 C
>D685579 T
>D685600 G
>D685616 G
>D685641 A
>D685675 G
>D685678 T
>D685931 A
>D686328 G
>D686337 A
>D686378 G
>D686481 C
>D686642 A
>D686895 C
>D687043 T
>D687125 C
>D687162 C
>D687251 G
>D687418 C
>D687575 A
>D687596 G
>D687732 T
>D687955 C
>D688060 A
>D688119 A
>D688887 T
>D688966 A
>D689139 G
>D689501 G
>D689643 C
>D689649 T
>D689996 G
>D690405 A
>D690554 G
>D690562 A
>D690571 A
>D690756 A
>D690992 G
>D691298 C
>D691530 C
>D691806 G
>D691844 T
>D692084 G
>D692801 A
>D692982 C
>D693066 G
>D693161 C
>D693166 T
>D693590 G
>D693619 A
>D693711 G
>D693726 T
>D693984 A
>D694279 A
>D694312 A
>D694360 T
>D694431 A
>D694721 C
>D694841 A
>D694873 G
>D694875 C
>D695199 G
>D695488 C
>D696122 G
>D696220 A
>D696803 C
>D696981 T
>D696991 C
>D697043 T
>D697150 T
>D697293 G
>D697309 A
>D697400 C
>D697545 G
>D697555 G
>D698327 C
>D698387 G
>D698558 C
>D698727 C
>D698925 G
>D699263 G
>D699273 C
>D699356 C
>D699388 A
>D699396 T
>D699424 T
>D699479 A
>D699483 G
>D699803 C
>D699939 C
>D699960 C
>D700024 A
>D700108 G
>D700473 G
>D700536 T
>D700988 C
>D701075 C
>D701133 T
>D701140 C
>D701592 T
>D701654 C
>D701658 G
>D701784 A
>D701795 C
>D701843 C
>D701999 T
>D702007 C
>D702109 T
>D702123 T
>D702148 T
>D702355 C
>D702371 C
>D702489 T
>D702690 A
>D702744 A
>D702870 C
>D702984 A
>D703069 G
>D703113 C
>D703149 C
>D703521 A
>D703528 G
>D703532 A
>D703695 G
>D703720 C
>D703745 A
>D703811 A
>D703832 G
>D704051 A
>D704127 A
>D704496 A
>D704641 C
>D704720 C
>D704822 A
>D704926 T
>D705032 C
>D705079 A
>D705131 C
>D705147 C
>D705328 A
>D705337 A
>D705657 G
>D705982 G
>D706086 A
>D706158 G
>D706843 T
>D706881 T
>D707370 A
>D707464 C
>D707709 A
>D707721 G
>D708004 T
>D708362 C
>D708440 G
>D708460 T
>D708514 G
>D708626 C
>D708707 A
>D708807 C
>D709059 C
>D709068 A
>D709070 G
>D709151 T
>D709255 G
>D709403 A
>D709487 G
>D709800 G
>D709934 A
>D709937 G
>D710067 T
>D710200 C
>D710627 C
>D711107 A
>D711195 G
>D711313 A
>D711332 G
>D711404 A
>D711960 T
>D712022 C
>D712227 T
>D712244 A
>D712419 T
>D712530 G
>D712610 C
>D712636 C
>D712733 A
>D712779 A
>D712934 C
>D713022 A
>D713042 C
>D713086 T
>D713092 A
>D713112 C
>D713173 T
>D713302 T
>D713550 T
>D713608 T
>D713768 C
>D713852 T
>D714114 T
>D714129 T
>D714500 A
>D714703 G
>D714761 A
>D714915 G
>D714941 T
>D715048 A
>D716054 C
>D716389 G
>D716427 C
>D716532 G
>D716918 G
>D716980 C
>D717098 G
>D717106 G
>D717186 A
>D717514 G
>D717674 T
>D717924 A
>D717992 A
>D718008 T
>D718211 T
>D718504 T
>D718535 G
>D718596 G
>D718876 G
>D719135 A
>D719268 T
>D719293 A
>D719383 A
>D719413 C
>D719426 C
>D719551 C
>D719653 G
>D719726 A
>D719735 C
>D719781 G
>D719905 C
>D720159 C
>D720204 T
>D720222 C
>D720272 G
>D720401 A
>D720417 A
>D720528 G
>D721053 C
>D721188 G
>D721211 A
>D721353 T
>D721472 G
>D721656 G
>D721689 C
>D722072 C
>D722158 A
>D722237 T
>D722315 C
>D722376 G
>D722396 G
>D722576 A
>D722684 A
>D722757 A
>D722792 A
>D722925 A
>D723293 T
>D723429 C
>D723576 G
>D723650 A
>D723651 A
>D723665 C
>D723872 G
>D724073 A
>D724201 G
>D724416 A
>D724418 C
>D724730 A
>D724737 G
>D724815 C
>D725010 C
>D725250 T
>D725327 T
>D725618 A
>D725649 A
>D725659 G
>D725809 T
>D725998 T
>D726003 A
>D726153 G
>D726294 C
>D726391 C
>D726486 C
>D726615 T
>D726639 T
>D726702 G
>D726709 G
>D727396 C
>D727442 T
>D727495 T
>D727503 A
>D727531 G
>D727634 A
>D727739 A
>D728163 G
>D728301 C
>D728378 A
>D728416 C
>D728431 G
>D728481 T
>D728492 C
>D728553 A
>D728616 T
>D728691 A
>D728807 A
>D728962 G
>D729120 T
>D729188 A
>D729298 T
>D729370 A
>D729760 C
>D729899 C
>D730008 C
>D730192 G
>D730195 C
>D730231 G
>D730289 G
>D730454 A
>D730567 C
>D730679 G
>D730693 T
>D731274 G
>D731357 T
>D731514 C
>D731609 A
>D731708 T
>D731824 T
>D732004 T
>D732068 G
>D732148 G
>D732171 G
>D732530 C
>D732586 A
>D732620 C
>D732940 T
>D733150 C
>D733237 A
>D733274 G
>D733321 G
>D733335 A
>D733521 C
>D733912 A
>D733947 G
>D734402 A
>D734419 A
>D734679 T
>D734778 G
>D734879 A
>D734961 T
>D735029 C
>D735345 C
>D735463 C
>D735634 A
>D735988 A
>D736029 A
>D736072 C
>D736092 C
>D736144 T
>D736232 T
>D736450 T
>D736454 C
>D736580 A
>D737015 G
>D737155 T
>D737467 A
>D737908 C
>D737912 G
>D737953 G
>D737983 A
>D738091 C
>D738238 T
>D738354 G
>D738509 T
>D738757 G
>D738845 A
>D739131 T
>D739164 C
>D739198 G
>D739736 A
>D739912 G
>D739917 G
>D740001 G
>D740246 C
>D740294 A
>D740310 G
>D740334 A
>D740559 G
>D740572 T
>D740717 C
>D740759 T
>D740901 T
>D741122 A
>D741388 A
>D741521 A
>D741590 G
>D741831 A
>D741891 G
>D741913 T
>D741958 C
>D742021 G
>D742168 C
>D742433 A
>D742814 C
>D743059 A
>D743295 G
>D743407 C
>D743419 C
>D743548 G
>D743631 C
>D743989 G
>D744037 T
>D744110 A
>D744300 C
>D744423 G
>D744428 C
>D744566 G
>D744708 T
>D744825 T
>D745037 G
>D745461 G
>D745480 T
>D745683 T
>D745714 C
>D745826 T
>D745879 A
>D745890 T
>D745975 T
>D746020 G
>D746059 C
>D746082 T
>D746106 T
>D746217 T
>D746355 A
>D746361 G
>D746364 A
>D746552 T
>D746668 A
>D746773 G
>D747080 G
>D747153 T
>D747293 A
>D747333 G
>D747369 A
>D747654 A
>D747754 A
>D748068 C
>D748498 T
>D748973 G
>D749010 A
>D749033 T
>D749154 T
>D749385 T
>D749435 T
>D749566 T
>D749596 A
>D750556 T
>D750634 T
>D750924 A
>D751162 A
>D751165 G
>D751243 C
>D751349 G
>D751527 C
>D751754 G
>D751880 C
>D751942 T
>D752086 G
>D752177 C
>D752323 T
>D752347 A
>D752399 A
>D752716 C
>D752822 T
>D752894 A
>D752979 A
>D753013 T
>D753184 A
>D753252 G
>D753382 T
>D753416 C
>D753420 T
>D753494 G
>D753632 C
>D753695 G
>D753749 T
>D753797 C
>D753798 C
>D753874 C
>D753879 C
>D753977 C
>D754038 C
>D754073 C
>D754256 C
>D754714 C
>D754794 C
>D755206 C
>D755212 G
>D755227 A
>D755404 G
>D755406 G
>D755582 G
>D755716 G
>D755855 G
>D755861 G
>D756026 T
>D756081 G
>D756630 A
>D756843 A
>D757205 C
>D757237 C
>D757323 T
>D757341 A
>D757581 A
>D757682 T
>D757836 T
>D758152 C
>D758191 C
>D758198 A
>D758304 A
>D758492 C
>D758605 T
>D758698 C
>D758806 C
>D759385 A
>D759448 A
>D759518 T
>D759552 C
>D759915 T
>D759949 T
>D760018 G
>D760019 C
>D760123 A
>D760247 G
>D760305 T
>D760384 T
>D760487 T
>D760588 C
>D760590 C
>D760596 A
>D760909 C
>D761293 T
>D761351 A
>D761427 C
>D761702 T
>D761840 A
>D762081 A
>D762104 T
>D762182 T
>D762186 G
>D762397 T
>D762569 C
>D762743 A
>D762882 G
>D762899 C
>D763000 T
>D763436 T
>D763465 A
>D763534 C
>D763763 T
>D764162 T
>D764166 A
>D764175 T
>D764305 C
>D764518 G
>D765241 A
>D765377 A
>D765549 G
>D765571 C
>D765674 C
>D765701 G
>D765764 A
>D765924 T
>D765948 C
>D766446 G
>D766483 A
>D766573 T
>D766699 G
>D766885 C
>D767003 A
>D767007 T
>D767029 G
>D767590 T
>D767680 A
>D767937 T
>D767942 C
>D767987 G
>D768100 A
>D768329 A
>D768404 T
>D768880 T
>D768930 A
>D769516 A
>D769768 G
>D769873 C
>D770000 C
>D770079 A
>D770081 A
>D770086 C
>D770538 G
>D770605 A
>D770771 C
>D770796 T
>D770897 A
>D770953 T
>D770999 C
>D771432 G
>D771483 G
>D771769 C
>D771850 A
>D771862 C
>D771962 A
>D772020 G
>D772175 T
>D772256 A
>D772300 A
>D772550 G
>D772554 C
>D772581 A
>D772603 C
>D772757 C
>D772777 G
>D772875 A
>D772936 T
>D773167 T
>D773266 C
>D773275 A
>D773644 C
>D773741 T
>D773755 T
>D774287 A
>D774356 A
>D774359 G
>D774430 G
>D774468 T
>D774892 T
>D775053 T
>D775430 C
>D775466 A
>D775634 T
>D775674 G
>D775698 C
>D775726 T
>D776211 G
>D776257 T
>D776365 A
>D776409 G
>D776440 G
>D777046 A
>D777054 T
>D777430 T
>D777492 G
>D777710 C
>D777717 A
>D777863 G
>D777884 T
>D777897 A
>D777987 C
>D778006 A
>D778043 A
>D778195 G
>D778202 G
>D778616 C
>D778952 C
>D779037 T
>D779042 C
>D779512 T
>D779528 T
>D779545 A
>D779606 T
>D779704 G
>D779795 C
>D779821 C
>D779826 C
>D779852 A
>D779963 C
>D780650 G
>D780696 G
>D780925 A
>D780929 T
>D781027 C
>D781151 T
>D781260 T
>D781341 A
>D781671 T
>D781905 A
>D782140 G
>D782240 C
>D782616 A
>D782620 A
>D782743 T
>D782842 G
>D783066 A
>D783289 A
>D783492 T
>D783853 C
>D784166 T
>D784219 T
>D784263 G
>D784308 C
>D784612 A
>D785397 T
>D785537 C
>D785741 C
>D785758 C
>D785817 A
>D785886 G
>D786025 A
>D786771 G
>D786806 T
>D786843 G
>D786878 A
>D786947 T
>D786949 A
>D787097 G
>D787136 T
>D787196 T
>D787218 T
>D787314 C
>D787510 T
>D787644 T
>D787813 A
>D787928 G
>D788030 G
>D788129 G
>D788139 C
>D788176 C
>D788280 A
>D788416 C
>D788665 G
>D789013 T
>D789198 C
>D789297 T
>D789495 T
>D789654 G
>D789708 T
>D789990 A
>D790076 A
>D790185 G
>D790540 C
>D790860 T
>D791280 G
>D791499 G
>D791503 G
>D791554 T
>D791579 G
>D791595 A
>D791602 G
>D791606 A
>D791627 G
>D791671 A
>D791707 A
>D792074 C
>D792185 G
>D793128 A
>D793147 C
>D793285 C
>D793399 C
>D793580 C
>D793714 G
>D793795 G
>D793964 A
>D794230 G
>D794609 T
>D794820 G
>D794890 C
>D795060 T
>D795077 A
>D795088 A
>D795388 C
>D795487 C
>D795584 A
>D795669 C
>D795737 A
>D795869 T
>D796008 C
>D796653 T
>D796750 G
>D796871 A
>D797032 T
>D797209 A
>D797782 T
>D797868 G
>D797900 G
>D797975 G
>D797990 A
>D798686 G
>D798811 A
>D799100 T
>D799102 A
>D799144 G
>D799399 G
>D800632 A
>D800671 G
>D800677 T
>D801032 G
>D801529 C
>D801724 A
>D801793 C
>D801799 A
>D801943 C
>D801992 A
>D802042 C
>D802056 T
>D802136 A
>D802209 G
>D802246 A
>D802694 T
>D803454 G
>D803607 C
>D803675 G
>D803691 C
>D803743 C
>D803906 G
>D804025 T
>D804029 C
>D804344 C
>D804378 A
>D804517 T
>D804740 G
>D804791 G
>D804945 A
>D805257 T
>D805270 G
>D805330 A
>D805411 G
>D805783 A
>D805914 A
>D805938 A
>D805955 C
>D806026 C
>D806036 G
>D806581 C
>D806797 C
>D807024 A
>D807390 G
>D807879 A
>D807894 G
>D807930 G
>D808136 C
>D808201 C
>D810126 C
>D810242 C
>D810481 C
>D810678 G
>D810692 C
>D810897 C
>D810898 A
>D811185 A
>D811191 T
>D811213 C
>D811837 A
>D812070 G
>D812135 G
>D812297 C
>D812455 C
>D812481 A
>D812488 A
>D812656 G
>D812685 C
>D812762 G
>D813073 C
>D813096 G
>D813105 G
>D813569 C
>D813628 G
>D813723 A
>D813733 A
>D814022 A
>D814047 T
>D814085 A
>D814486 C
>D814499 G
>D814547 A
>D814669 C
>D814670 T
>D814821 G
>D814830 T
>D814841 G
>D814889 G
>D814965 T
>D815286 T
>D815358 T
>D815597 G
>D815601 T
>D815832 C
>D815968 C
>D815993 T
>D816059 A
>D816391 T
>D816482 T
>D816610 C
>D816622 C
>D816902 A
>D817246 C
>D817262 C
>D817450 A
>D817752 A
>D818069 T
>D818165 A
>D818200 G
>D818697 T
>D818901 G
>D819203 C
>D819220 A
>D819325 C
>D819327 T
>D819413 T
>D819691 A
>D819733 G
>D819767 G
>D819804 C
>D819906 G
>D820149 A
>D820336 C
>D820885 G
>D821575 G
>D821748 T
>D821880 C
>D822101 T
>D822153 C
>D822321 C
>D822323 C
>D822465 G
>D822756 G
>D822892 T
>D823056 G
>D823066 A
>D823221 C
>D823389 T
>D823992 T
>D824006 T
>D824147 A
>D824151 C
>D824362 T
>D824438 T
>D824578 A
>D824655 A
>D824750 G
>D824997 G
>D825056 T
>D825103 C
>D825295 C
>D825378 C
>D825506 C
>D825591 T
>D825599 G
>D825770 C
>D825828 C
>D825869 C
>D825885 T
>D825942 T
>D826206 C
>D826282 G
>D826558 C
>D826737 T
>D826793 G
>D826889 C
>D827155 C
>D827310 A
>D827410 G
>D827443 C
>D827855 C
>D827915 A
>D828005 C
>D828108 A
>D828112 C
>D828138 G
>D828299 C
>D828354 A
>D828438 C
>D828463 C
>D828626 G
>D829060 T
>D829073 C
>D829090 G
>D829252 A
>D829418 G
>D829453 A
>D829470 G
>D829597 A
>D829617 G
>D829759 C
>D830068 C
>D830294 G
>D830529 G
>D830578 T
>D830772 T
>D830785 A
>D830867 G
>D830879 A
>D831041 T
>D831060 A
>D831194 A
>D831333 G
>D831485 A
>D831533 C
>D831912 A
>D832046 T
>D832143 T
>D832594 C
>D833224 C
>D833652 A
>D833664 C
>D833666 G
>D833812 A
>D833893 C
>D834184 C
>D834472 G
>D834507 G
>D834901 G
>D834987 C
>D835008 G
>D835068 A
>D835167 A
>D835455 T
>D835466 A
>D835644 T
>D835882 C
>D835910 G
>D836047 C
>D836122 A
>D836388 G
>D836492 C
>D836563 C
>D836646 G
>D836863 A
>D837190 C
>D837210 G
>D837214 T
>D837262 T
>D837477 T
>D837799 T
>D837843 C
>D837995 A
>D838061 A
>D838119 G
>D838343 T
>D838398 G
>D838451 C
>D838635 C
>D838701 G
>D838772 T
>D838804 A
>D838813 T
>D838842 A
>D839235 A
>D839957 A
>D840395 G
>D841144 T
>D841208 T
>D841209 C
>D841373 T
>D841558 G
>D841767 C
>D842088 A
>D842530 C
>D842609 A
>D842649 A
>D842695 C
>D842717 A
>D842770 C
>D843125 G
>D843356 T
>D843531 C
>D843574 T
>D844179 C
>D844684 T
>D844925 C
>D844982 G
>D845474 A
>D845667 G
>D845877 A
>D845882 C
>D846009 A
>D846047 G
>D846051 C
>D846284 G
>D846367 A
>D846368 G
>D846720 A
>D846836 C
>D846952 C
>D847216 A
>D847239 A
>D847423 A
>D847913 A
>D847952 A
>D848040 G
>D848207 T
>D848237 G
>D848431 T
>D848520 G
>D848704 C
>D848901 G
>D849350 T
>D849582 A
>D849622 G
>D849761 G
>D849869 G
>D850364 A
>D850387 T
>D850475 T
>D850520 A
>D850556 C
>D850652 A
>D850720 C
>D850754 C
>D850881 C
>D850951 T
>D850959 G
>D850983 C
>D851006 C
>D851029 T
>D851042 A
>D851117 T
>D851120 A
>D851538 A
>D851577 A
>D851662 G
>D851719 G
>D851814 T
>D851938 A
>D851965 T
>D852090 A
>D852785 G
>D852822 T
>D853012 T
>D853040 C
>D853220 G
>D853499 G
>D853643 G
>D853885 C
>D853907 C
>D853946 A
>D854226 T
>D854261 T
>D854458 C
>D854758 C
>D854845 C
>D854968 C
>D855056 G
>D855115 A
>D855244 A
>D855245 T
>D855249 C
>D855431 A
>D855483 C
>D855597 A
>D855730 A
>D855803 C
>D855855 G
>D855952 G
>D856197 C
>D856250 T
>D856414 A
>D856518 T
>D856520 T
>D856562 G
>D856569 T
>D856654 T
>D856687 G
>D856919 T
>D857607 A
>D857702 A
>D857716 A
>D857717 A
>D857943 A
>D858417 G
>D858964 C
>D859015 G
>D859628 C
>D859657 T
>D860073 G
>D860084 G
>D860299 A
>D860477 T
>D860566 G
>D860716 T
>D860781 T
>D860813 G
>D860834 C
>D860905 C
>D860913 G
>D860998 T
>D861253 T
>D861561 T
>D861622 T
>D861932 G
>D862073 A
>D862160 T
>D862794 T
>D863017 A
>D863049 G
>D863318 G
>D863520 C
>D863572 A
>D863628 G
>D863731 G
>D863846 C
>D864319 A
>D864330 G
>D864448 T
>D864508 T
>D864576 G
>D864626 T
>D864728 C
>D864733 C
>D864821 C
>D864851 T
>D864880 A
>D865625 T
>D865637 C
>D865768 A
>D865856 A
>D865941 G
>D866007 G
>D866318 C
>D866400 T
>D866544 C
>D866555 C
>D866657 T
>D866773 G
>D867249 G
>D867383 A
>D867521 C
>D867562 G
>D867651 T
>D867654 C
>D867866 G
>D867875 T
>D867926 G
>D868017 C
>D868150 G
>D868353 C
>D868428 T
>D868888 A
>D869010 G
>D869179 A
>D869621 A
>D869934 A
>D870141 G
>D870242 G
>D870346 C
>D870493 G
>D870497 C
>D870526 C
>D871038 G
>D871264 A
>D871465 G
>D871519 C
>D871577 C
>D871580 T
>D871847 A
>D872032 G
>D872394 A
>D872396 T
>D872736 C
>D872847 A
>D872906 G
>D872983 C
>D873125 A
>D873139 G
>D873219 C
>D873335 T
>D873431 C
>D873470 G
>D874020 A
>D874058 A
>D874368 C
>D874508 G
>D874727 T
>D874821 T
>D875278 C
>D875317 A
>D875374 G
>D875511 A
>D875636 T
>D875852 A
>D876550 G
>D876705 G
>D876854 G
>D876947 A
>D877612 G
>D877825 T
>D878141 T
>D878478 C
>D878520 T
>D878709 A
>D878917 T
>D879427 C
>D879500 T
>D879705 T
>D879952 G
>D879991 G
>D880122 T
>D880140 C
>D880177 T
>D880451 A
>D880632 A
>D880889 C
>D881161 C
>D881173 A
>D881288 A
>D881535 T
>D881610 T
>D881733 A
>D881744 T
>D881868 G
>D881891 C
>D882211 A
>D882678 C
>D882827 T
>D882956 C
>D883124 C
>D883189 C
>D883315 C
>D883368 C
>D883372 T
>D883478 T
>D883674 T
>D883693 A
>D883705 G
>D883786 G
>D884110 A
>D884198 G
>D884252 C
>D884367 T
>D884641 T
>D884739 C
>D884762 A
>D884972 A
>D885011 G
>D885394 G
>D885487 A
>D885624 G
>D885725 G
>D885788 T
>D885792 A
>D885970 A
>D886234 C
>D886700 T
>D886833 C
>D886894 G
>D886945 G
>D887027 C
>D887034 C
>D887315 G
>D887499 G
>D887575 G
>D887672 G
>D888137 C
>D888286 C
>D888448 G
>D888619 G
>D888695 T
>D888766 C
>D888822 C
>D889086 T
>D889090 C
>D889262 C
>D889326 C
>D889574 T
>D889772 T
>D889784 G
>D889823 T
>D889910 G
>D889916 A
>D890022 A
>D890091 G
>D890720 A
>D890796 A
>D890886 C
>D891188 G
>D891219 G
>D891382 G
>D891489 G
>D891557 C
>D891606 A
>D891792 C
>D891899 C
>D892439 A
>D892601 A
>D892741 C
>D893473 G
>D893521 C
>D893603 C
>D893731 T
>D893834 A
>D893907 G
>D894025 C
>D894104 G
>D894155 A
>D894513 T
>D894757 C
>D894791 C
>D894911 T
>D895076 A
>D895451 T
>D895570 A
>D895575 C
>D895715 G
>D895733 G
>D896294 A
>D896407 G
>D896494 G
>D896591 A
>D896647 A
>D896656 T
>D896703 C
>D897007 A
>D897782 G
>D897787 T
>D897908 T
>D898000 G
>D898027 T
>D898147 A
>D898428 T
>D898882 T
>D899040 T
>D899253 G
>D899290 C
>D899298 G
>D899342 A
>D899357 A
>D899375 A
>D899434 C
>D899467 C
>D899601 C
>D899691 T
>D899990 A
>D900124 A
>D900637 T
>D900641 A
>D901032 A
>D901059 C
>D901068 G
>D901088 T
>D901268 G
>D901277 T
>D901281 C
>D901378 C
>D901397 G
>D901426 C
>D901684 T
>D901736 G
>D901891 C
>D901902 A
>D901930 C
>D901982 C
>D901991 G
>D902003 C
>D902145 T
>D902161 C
>D902208 T
>D902326 T
>D902382 G
>D902521 C
>D902588 C
>D902646 A
>D902651 C
>D902690 G
>D903098 A
>D903803 G
>D903932 T
>D903956 C
>D903970 G
>D904573 C
>D904776 T
>D904790 A
>D905651 G
>D905662 T
>D905760 A
>D906203 A
>D906391 T
>D906435 A
>D906663 A
>D906853 G
>D906878 A
>D907012 G
>D907165 C
>D907224 C
>D907288 C
>D907332 C
>D907456 G
>D907603 G
>D907615 T
>D907773 C
>D907911 G
>D908029 C
>D908102 C
>D908324 A
>D908405 C
>D908610 C
>D908917 T
>D909026 T
>D909054 C
>D909224 C
>D909308 G
>D909322 A
>D909338 C
>D909344 G
>D909488 G
>D909680 T
>D910165 G
>D910655 A
>D910960 T
>D911013 C
>D911014 A
>D911021 C
>D911232 A
>D911340 C
>D911674 A
>D911713 G
>D912285 A
>D912366 A
>D912451 G
>D912907 G
>D913343 C
>D913388 C
>D913532 A
>D913696 C
>D913778 C
>D913821 T
>D914310 G
>D914324 A
>D914364 C
>D914425 A
>D914486 T
>D914558 T
>D914733 C
>D914781 G
>D914880 A
>D915075 T
>D915260 G
>D915290 G
>D915660 A
>D915719 G
>D915859 G
>D915934 A
>D915939 C
>D916008 C
>D916436 A
>D916607 T
>D916724 T
>D916745 C
>D916814 C
>D916882 C
>D917051 G
>D917064 C
>D917068 G
>D917096 A
>D917230 A
>D917560 C
>D917903 A
>D917920 A
>D918031 A
>D918157 C
>D918227 T
>D918560 C
>D918627 C
>D918630 G
>D918762 C
>D919160 T
>D919177 G
>D919303 T
>D919383 A
>D919395 C
>D919496 G
>D919620 C
>D920236 T
>D920362 G
>D920379 C
>D920565 G
>D920579 C
>D920723 C
>D920741 C
>D920844 G
>D920969 G
>D921174 C
>D921342 T
>D921348 A
>D921520 T
>D921825 A
>D922047 T
>D922078 G
>D922193 T
>D922263 A
>D922353 G
>D922445 C
>D922449 T
>D922637 A
>D922772 G
>D922797 T
>D922833 T
>D923296 G
>D923486 A
>D923934 G
>D924049 C
>D924157 G
>D924163 C
>D924594 C
>D924718 C
>D924729 G
>D925078 G
>D925248 A
>D925499 T
>D925632 A
>D925745 C
>D925895 G
>D926184 G
>D926190 A
>D926245 T
>D926261 T
>D926302 G
>D926465 A
>D926488 G
>D926637 G
>D926906 A
>D927258 T
>D927520 A
>D927749 T
>D927940 T
>D927979 G
>D928272 T
>D928690 C
>D928710 A
>D929073 T
>D929131 T
>D929174 T
>D929289 A
>D929327 T
>D929389 G
>D929412 T
>D929624 G
>D930061 T
>D930134 T
>D930336 C
>D930524 A
>D930547 C
>D930591 A
>D930595 C
>D930786 T
>D931140 A
>D931150 A
>D931243 G
>D931319 C
>D931343 A
>D931502 A
>D931603 A
>D931608 A
>D931620 T
>D932006 C
>D932012 C
>D932441 C
>D932474 T
>D932568 T
>D932918 C
>D932934 G
>D932993 A
>D933157 T
>D933218 T
>D933372 A
>D933380 C
>D933607 T
>D933668 A
>D933690 A
>D933763 T
>D933810 C
>D933903 C
>D933958 C
>D934633 G
>D934781 T
>D934829 A
>D934889 T
>D935051 A
>D935064 A
>D935165 T
>D935179 T
>D935260 T
>D935310 T
>D935700 G
>D935736 T
>D935820 A
>D935887 C
>D935898 C
>D936016 G
>D936140 A
>D936297 C
>D936409 T
>D937026 C
>D937088 C
>D937127 A
>D937261 T
>D937632 A
>D937811 C
>D937920 G
>D937921 T
>D937994 T
>D938011 A
>D938023 G
>D938172 C
>D938240 G
>D938331 C
>D938498 G
>D938688 A
>D939046 C
>D939326 T
>D939441 T
>D939635 C
>D939647 G
>D939843 C
>D939883 G
>D940025 C
>D940026 C
>D940118 T
>D940304 G
>D940405 A
>D940541 C
>D940936 G
>D940986 T
>D941020 A
>D941083 C
>D941329 G
>D941446 T
>D941548 G
>D941860 C
>D942179 A
>D942226 A
>D942246 T
>D942275 A
>D942297 G
>D942404 G
>D942525 C
>D942544 T
>D942562 C
>D942687 G
>D942905 A
>D942999 T
>D943050 C
>D943084 T
>D943521 A
>D943648 G
>D943766 G
>D944036 T
>D944106 C
>D944438 C
>D944441 A
>D944444 G
>D944606 C
>D944732 G
>D944800 A
>D944943 T
>D945097 C
>D945251 C
>D945276 G
>D945472 G
>D945487 T
>D945557 C
>D945803 A
>D945852 A
>D946128 T
>D946131 A
>D946273 C
>D946665 G
>D946826 G
>D946831 T
>D947094 A
>D947276 C
>D947357 G
>D947451 T
>D947581 C
>D947584 T
>D947785 A
>D947790 A
>D948105 C
>D948641 A
>D948678 A
>D948689 G
>D949261 G
>D949296 A
>D949445 T
>D949465 C
>D949515 A
>D949583 C
>D949626 C
>D949654 G
>D949847 C
>D950060 A
>D950068 T
>D950383 T
>D950394 A
>D950449 A
>D950705 T
>D950938 A
>D951067 T
>D951178 T
>D951246 G
>D951571 T
>D951759 A
>D951972 G
>D952323 A
>D952362 C
>D952786 G
>D952860 A
>D953094 T
>D953096 G
>D953204 C
>D953219 T
>D953846 G
>D954170 C
>D954506 A
>D954621 G
>D954947 T
>D954968 C
>D955106 G
>D955394 A
>D955459 T
>D956034 C
>D956137 A
>D956332 T
>D956348 T
>D956371 T
>D956541 T
>D956564 C
>D956642 A
>D956708 A
>D956919 A
>D957005 C
>D957025 C
>D957353 C
>D957412 A
>D957463 G
>D957473 G
>D957510 A
>D957619 A
>D957624 G
>D957955 C
>D957967 T
>D958116 G
>D958366 A
>D958464 T
>D958490 T
>D958653 C
>D958670 G
>D959332 C
>D959522 T
>D959613 T
>D959924 T
>D960000 C
>D960163 T
>D960289 C
>D960299 T
>D960480 T
>D960518 G
>D960523 T
>D960557 C
>D960595 G
>D960695 C
>D960754 C
>D960783 T
>D961283 A
>D961493 G
>D961722 T
>D961767 C
>D961954 C
>D961963 C
>D962137 T
>D962139 G
>D962341 G
>D962585 G
>D963026 A
>D963115 G
>D963388 A
>D963404 A
>D963733 T
>D963740 A
>D963781 T
>D963853 G
>D964057 A
>D964113 T
>D964367 T
>D964506 G
>D964690 A
>D964784 A
>D965516 A
>D965562 C
>D966538 T
>D966576 G
>D966702 C
>D967217 C
>D967550 G
>D967555 A
>D967814 T
>D967855 G
>D967863 G
>D967984 G
>D968164 A
>D968193 T
>D968388 G
>D968549 C
>D969193 G
>D969491 C
>D969512 G
>D969563 T
>D969567 A
>D969800 T
>D969854 C
>D970006 C
>D970267 G
>D970393 G
>D970397 C
>D970906 C
>D970957 T
>D971333 G
>D971580 C
>D971676 C
>D972132 A
>D972242 T
>D972323 C
>D972516 G
>D972737 C
>D972980 A
>D973121 G
>D973182 C
>D973602 A
>D973612 T
>D973671 G
>D973787 C
>D973795 A
>D973856 G
>D973867 G
>D973944 A
>D974017 T
>D974295 G
>D974564 G
>D974590 T
>D974594 G
>D974714 C
>D974858 A
>D975059 A
>D975111 C
>D975162 G
>D975560 A
>D975584 G
>D975637 T
>D975680 G
>D976250 A
>D976265 G
>D976623 T
>D976883 G
>D976945 A
>D977028 G
>D977222 G
>D977268 T
>D977455 A
>D977654 C
>D977756 C
>D977820 C
>D977903 A
>D977921 C
>D978056 A
>D978069 C
>D978495 A
>D978555 C
>D978695 A
>D978698 C
>D979056 G
>D979100 G
>D979296 G
>D979312 G
>D979410 G
>D979484 T
>D979600 A
>D979778 G
>D979785 G
>D980195 A
>D980284 T
>D980445 T
>D980995 T
>D981040 T
>D981576 C
>D981579 G
>D981864 A
>D981949 G
>D982042 A
>D982078 G
>D982192 A
>D982258 T
>D982294 G
>D982502 T
>D983017 C
>D983167 C
>D983237 T
>D983426 C
>D983581 T
>D983631 G
>D983675 T
>D983871 C
>D983904 G
>D984030 A
>D984139 T
>D984395 A
>D984631 A
>D984762 G
>D984815 A
>D985032 G
>D985420 A
>D985463 A
>D985530 C
>D985626 C
>D985651 A
>D985811 C
>D986122 C
>D986241 C
>D986371 C
>D986535 T
>D986652 T
>D986872 T
>D986917 A
>D986941 G
>D987061 G
>D987110 A
>D987147 T
>D987246 G
>D987616 G
>D987629 T
>D987688 A
>D987808 T
>D987824 A
>D987946 A
>D987983 A
>D988023 T
>D988046 C
>D988067 G
>D988295 T
>D988726 C
>D988831 G
>D988851 A
>D988998 C
>D989051 G
>D989539 G
>D989712 C
>D989728 G
>D989755 G
>D990448 C
>D990498 G
>D990529 T
>D991165 G
>D991259 A
>D991271 G
>D991326 T
>D991718 G
>D991752 T
>D991774 A
>D991904 C
>D992071 A
>D992102 G
>D992108 C
>D992161 T
>D992385 T
>D992414 T
>D992539 C
>D992544 A
>D992684 A
>D992878 A
>D993092 T
>D993183 G
>D993329 T
>D993334 A
>D993367 C
>D993534 C
>D993590 A
>D993594 G
>D993876 G
>D994208 A
>D994327 G
>D995165 T
>D995232 G
>D995284 T
>D995325 C
>D995457 G
>D995558 A
>D995563 G
>D995623 C
>D995744 T
>D995915 A
>D996040 A
>D996165 T
>D996411 A
>D996731 A
>D996857 C
>D997057 A
>D997152 A
>D997437 T
>D997575 A
>D997667 A
>D997901 T
>D997962 G
>D998062 T
>D998083 C
>D998362 A
>D998633 G
>D998692 C
>D999184 C
>D999372 A
>D999524 T
>D999555 C
>D999765 C
>D999772 C
>D999789 T
>D999821 C
>D999854 A
>D999867 G
>D999868 G